0 0.4687031985959038 0.7041666507720947 0.7041666507720947 
1 0.5051900148100685 0.9333333373069763 0.9333333373069763 
2 0.5328755592927337 0.9333333373069763 0.9333333373069763 
3 0.5680033312601154 0.9354166388511658 0.9354166388511658 
4 0.620229081971047 0.9395833611488342 0.9395833611488342 
5 0.6954854288487695 0.9395833611488342 0.9395833611488342 
6 0.7828369106136961 0.9395833611488342 0.9395833611488342 
7 0.8028401680239767 0.9395833611488342 0.9395833611488342 
8 0.8156758672630531 0.9395833611488342 0.9395833611488342 
9 0.8269368605906493 0.9395833611488342 0.9395833611488342 
10 0.8287719857544289 0.9395833611488342 0.9395833611488342 
11 0.8407816717008245 0.9395833611488342 0.9395833611488342 
12 0.849212661076308 0.9395833611488342 0.9395833611488342 
13 0.8504903310385998 0.9395833611488342 0.9395833611488342 
14 0.8580444501712918 0.9395833611488342 0.9395833611488342 
15 0.8635945802961942 0.9416666626930237 0.9416666626930237 
16 0.856671157933306 0.9416666626930237 0.9416666626930237 
17 0.8712728032405721 0.9416666626930237 0.9416666626930237 
18 0.8618367638700875 0.9416666626930237 0.9416666626930237 
19 0.8578857465254259 0.9437500238418579 0.9437500238418579 
20 0.8601826997255557 0.9437500238418579 0.9437500238418579 
21 0.8699849519180134 0.9437500238418579 0.9437500238418579 
22 0.8775716261588968 0.9437500238418579 0.9437500238418579 
23 0.8767720659307088 0.9437500238418579 0.9437500238418579 
24 0.882684337644605 0.9458333253860474 0.9458333253860474 
25 0.878436288672674 0.9458333253860474 0.9458333253860474 
26 0.8996215860242955 0.9458333253860474 0.9458333253860474 
27 0.9095011353783775 0.9458333253860474 0.9458333253860474 
28 0.9112569131248165 0.9458333253860474 0.9458333253860474 
29 0.9027547155856155 0.9458333253860474 0.9458333253860474 
30 0.9083373984904028 0.9520833492279053 0.9520833492279053 
31 0.9092285115621053 0.9520833492279053 0.9520833492279053 
32 0.9142171191051602 0.9520833492279053 0.9520833492279053 
33 0.9236165338661522 0.9520833492279053 0.9520833492279053 
34 0.9217692065867595 0.9520833492279053 0.9520833492279053 
35 0.9211954840575345 0.9520833492279053 0.9520833492279053 
36 0.9172505801543593 0.9520833492279053 0.9520833492279053 
37 0.9236429957963992 0.9520833492279053 0.9520833492279053 
38 0.9210795186518226 0.9541666507720947 0.9541666507720947 
39 0.9163777742069215 0.9541666507720947 0.9541666507720947 
40 0.9139526378712617 0.9541666507720947 0.9541666507720947 
41 0.9145080517919268 0.956250011920929 0.956250011920929 
42 0.908553055516677 0.956250011920929 0.956250011920929 
43 0.9170288044842891 0.956250011920929 0.956250011920929 
44 0.9115376749250572 0.956250011920929 0.956250011920929 
45 0.9196248358930461 0.956250011920929 0.956250011920929 
46 0.9226806693186518 0.956250011920929 0.956250011920929 
47 0.9229593986528926 0.956250011920929 0.956250011920929 
48 0.9249654202430975 0.956250011920929 0.956250011920929 
49 0.920768236683216 0.956250011920929 0.956250011920929 
50 0.9216613836761098 0.956250011920929 0.956250011920929 
