0 0.47187295867479406 0.9083333611488342 0.9083333611488342 
1 0.5069437600322999 0.9083333611488342 0.9083333611488342 
2 0.5262288329540752 0.925000011920929 0.925000011920929 
3 0.5720519977767253 0.925000011920929 0.925000011920929 
4 0.6328145338920876 0.9312499761581421 0.9312499761581421 
5 0.715382895024959 0.9333333373069763 0.9333333373069763 
6 0.7663045302979299 0.9333333373069763 0.9333333373069763 
7 0.7729370130764437 0.9354166388511658 0.9354166388511658 
8 0.7868062249035574 0.9375 0.9375 
9 0.8175984589761356 0.9437500238418579 0.9437500238418579 
10 0.820395904884208 0.9437500238418579 0.9437500238418579 
11 0.831970207626 0.9437500238418579 0.9437500238418579 
12 0.8585103369041462 0.9437500238418579 0.9437500238418579 
13 0.8740478538784373 0.9458333253860474 0.9458333253860474 
14 0.8738525414846663 0.9458333253860474 0.9458333253860474 
15 0.879693610346294 0.949999988079071 0.949999988079071 
16 0.8825581943892757 0.949999988079071 0.949999988079071 
17 0.875252283163718 0.949999988079071 0.949999988079071 
18 0.8827412917598849 0.949999988079071 0.949999988079071 
19 0.8904439274410834 0.949999988079071 0.949999988079071 
20 0.8899149552016752 0.949999988079071 0.949999988079071 
21 0.8905008891088073 0.949999988079071 0.949999988079071 
22 0.9023050883697579 0.949999988079071 0.949999988079071 
23 0.8998250267759431 0.949999988079071 0.949999988079071 
24 0.9040913837234257 0.949999988079071 0.949999988079071 
25 0.8970906511676731 0.9520833492279053 0.9520833492279053 
26 0.8976623468624894 0.9520833492279053 0.9520833492279053 
27 0.8949483170508756 0.9520833492279053 0.9520833492279053 
28 0.9032104433426866 0.9520833492279053 0.9520833492279053 
29 0.8942891391343437 0.9583333134651184 0.9583333134651184 
30 0.8941609682442504 0.9583333134651184 0.9583333134651184 
31 0.8858337424208003 0.9583333134651184 0.9583333134651184 
32 0.8844726622046437 0.9583333134651184 0.9583333134651184 
33 0.8909912171584438 0.9583333134651184 0.9583333134651184 
34 0.8912068721183459 0.9583333134651184 0.9583333134651184 
35 0.9035257975774584 0.9583333134651184 0.9583333134651184 
36 0.8958190860430477 0.9583333134651184 0.9583333134651184 
37 0.9031636473664548 0.9583333134651184 0.9583333134651184 
38 0.9076558339002077 0.9604166746139526 0.9604166746139526 
39 0.9061136782984249 0.9604166746139526 0.9604166746139526 
40 0.906296784276492 0.9604166746139526 0.9604166746139526 
41 0.9037780670041684 0.9604166746139526 0.9604166746139526 
42 0.9041890396329109 0.9604166746139526 0.9604166746139526 
43 0.9112935359589756 0.9604166746139526 0.9604166746139526 
44 0.9128682461450808 0.9604166746139526 0.9604166746139526 
45 0.9127889009541832 0.9604166746139526 0.9604166746139526 
46 0.9124674484191928 0.9604166746139526 0.9604166746139526 
47 0.912011719919974 0.9604166746139526 0.9604166746139526 
48 0.9122741708706599 0.9604166746139526 0.9604166746139526 
49 0.9135843929107068 0.9604166746139526 0.9604166746139526 
50 0.9167724623985123 0.9604166746139526 0.9604166746139526 
