0 0.46946003487391863 0.6020833253860474 0.6020833253860474 
1 0.5054117759864312 0.7437499761581421 0.7437499761581421 
2 0.5267252511112019 0.78125 0.78125 
3 0.5421284940966871 0.793749988079071 0.793749988079071 
4 0.5597493455134099 0.90625 0.90625 
5 0.6003926558041712 0.9270833134651184 0.9270833134651184 
6 0.6372741656814469 0.9312499761581421 0.9312499761581421 
7 0.6830627405652194 0.9375 0.9375 
8 0.7437560997204855 0.9375 0.9375 
9 0.8129313094832469 0.9395833611488342 0.9395833611488342 
10 0.8357442132983124 0.9395833611488342 0.9395833611488342 
11 0.8512125582856243 0.9416666626930237 0.9416666626930237 
12 0.8533325199678075 0.9416666626930237 0.9416666626930237 
13 0.8676452730724122 0.9437500238418579 0.9437500238418579 
14 0.869976816320559 0.9437500238418579 0.9437500238418579 
15 0.8671427455847152 0.9458333253860474 0.9458333253860474 
16 0.8605163604952395 0.9458333253860474 0.9458333253860474 
17 0.8684916255588178 0.9479166865348816 0.9479166865348816 
18 0.86411133382353 0.9479166865348816 0.9479166865348816 
19 0.8716105165003682 0.949999988079071 0.949999988079071 
20 0.8676473001250997 0.949999988079071 0.949999988079071 
21 0.8782816652965266 0.949999988079071 0.949999988079071 
22 0.887084970374417 0.949999988079071 0.949999988079071 
23 0.8855204314168077 0.949999988079071 0.949999988079071 
24 0.8912801082769874 0.949999988079071 0.949999988079071 
25 0.8987569101736881 0.949999988079071 0.949999988079071 
26 0.9076721128658392 0.949999988079071 0.949999988079071 
27 0.902042636385886 0.949999988079071 0.949999988079071 
28 0.8961303640098777 0.949999988079071 0.949999988079071 
29 0.8942667566880118 0.949999988079071 0.949999988079071 
30 0.8910603764525149 0.949999988079071 0.949999988079071 
31 0.9016214935109019 0.949999988079071 0.949999988079071 
32 0.9027709894289728 0.949999988079071 0.949999988079071 
33 0.896087639615871 0.949999988079071 0.949999988079071 
34 0.9033854088338558 0.949999988079071 0.949999988079071 
35 0.9058349537663162 0.949999988079071 0.949999988079071 
36 0.8998474040417932 0.9541666507720947 0.9541666507720947 
37 0.8995259521470871 0.9541666507720947 0.9541666507720947 
38 0.898018383566523 0.9541666507720947 0.9541666507720947 
39 0.9012919033120852 0.9541666507720947 0.9541666507720947 
40 0.9008361761225387 0.9541666507720947 0.9541666507720947 
41 0.9040283130889293 0.9541666507720947 0.9541666507720947 
42 0.9060953675070778 0.956250011920929 0.956250011920929 
43 0.9056111568061169 0.956250011920929 0.956250011920929 
44 0.9009806260874029 0.956250011920929 0.956250011920929 
45 0.9010864258452784 0.956250011920929 0.956250011920929 
46 0.9069132533331867 0.9583333134651184 0.9583333134651184 
47 0.9056335502245929 0.9583333134651184 0.9583333134651184 
48 0.9008178751682863 0.9583333134651184 0.9583333134651184 
49 0.9095275907311589 0.9583333134651184 0.9583333134651184 
50 0.9088032998261042 0.9583333134651184 0.9583333134651184 
