0 0.4701497321657371 0.6625000238418579 0.6625000238418579 
1 0.5060078869573772 0.8583333492279053 0.8583333492279053 
2 0.5290812083694618 0.8583333492279053 0.8583333492279053 
3 0.5510355585429352 0.8583333492279053 0.8583333492279053 
4 0.5879536946158623 0.9104166626930237 0.9104166626930237 
5 0.6329691573191667 0.9125000238418579 0.9125000238418579 
6 0.683805340071558 0.9125000238418579 0.9125000238418579 
7 0.7298950243566651 0.9145833253860474 0.9145833253860474 
8 0.7451538133464055 0.925000011920929 0.925000011920929 
9 0.7716634167736629 0.9312499761581421 0.9312499761581421 
10 0.8091145890211919 0.9333333373069763 0.9333333373069763 
11 0.7983479856775375 0.9395833611488342 0.9395833611488342 
12 0.7919677750833216 0.9395833611488342 0.9395833611488342 
13 0.8139160134815029 0.9395833611488342 0.9395833611488342 
14 0.8266153914082679 0.9416666626930237 0.9416666626930237 
15 0.8388224253430963 0.9416666626930237 0.9416666626930237 
16 0.8352254279961926 0.9416666626930237 0.9416666626930237 
17 0.842122402304085 0.9437500238418579 0.9437500238418579 
18 0.8652303084927553 0.9437500238418579 0.9437500238418579 
19 0.875762937910622 0.9437500238418579 0.9437500238418579 
20 0.8790303580026375 0.9437500238418579 0.9437500238418579 
21 0.882645678560948 0.9437500238418579 0.9437500238418579 
22 0.8756856360996608 0.9437500238418579 0.9437500238418579 
23 0.8873046967491973 0.9437500238418579 0.9437500238418579 
24 0.8807698655582499 0.9437500238418579 0.9437500238418579 
25 0.8851908460856066 0.9437500238418579 0.9437500238418579 
26 0.8742818285827525 0.9437500238418579 0.9437500238418579 
27 0.8858703703444917 0.9437500238418579 0.9437500238418579 
28 0.8870605564152356 0.9458333253860474 0.9458333253860474 
29 0.8815490800188854 0.9458333253860474 0.9458333253860474 
30 0.8858093276794534 0.9458333253860474 0.9458333253860474 
31 0.8970845499279676 0.9458333253860474 0.9458333253860474 
32 0.8824300060878159 0.9458333253860474 0.9458333253860474 
33 0.898244215932209 0.9479166865348816 0.9479166865348816 
34 0.8935770613607019 0.9479166865348816 0.9479166865348816 
35 0.8953450478729792 0.9479166865348816 0.9479166865348816 
36 0.888136801746441 0.9479166865348816 0.9479166865348816 
37 0.8954366143443622 0.9479166865348816 0.9479166865348816 
38 0.8898457969771698 0.9479166865348816 0.9479166865348816 
39 0.8809997672069585 0.949999988079071 0.949999988079071 
40 0.8928446579811862 0.949999988079071 0.949999988079071 
41 0.8952535121352412 0.949999988079071 0.949999988079071 
42 0.8829488234041492 0.949999988079071 0.949999988079071 
43 0.8875203568168217 0.949999988079071 0.949999988079071 
44 0.8954345816528075 0.949999988079071 0.949999988079071 
45 0.893774422002025 0.949999988079071 0.949999988079071 
46 0.8877746604266576 0.949999988079071 0.949999988079071 
47 0.8863993308623321 0.949999988079071 0.949999988079071 
48 0.8922342902515084 0.949999988079071 0.949999988079071 
49 0.8913248650496826 0.949999988079071 0.949999988079071 
50 0.8933064735319931 0.949999988079071 0.949999988079071 
