0 0.469964592193719 0.7291666865348816 0.7291666865348816 
1 0.5042622808832675 0.9229166507720947 0.9229166507720947 
2 0.5297932826797478 0.9229166507720947 0.9229166507720947 
3 0.5406514407804934 0.9229166507720947 0.9229166507720947 
4 0.5734313924913295 0.925000011920929 0.925000011920929 
5 0.6157226533687208 0.9270833134651184 0.9270833134651184 
6 0.6548685690868297 0.9333333373069763 0.9333333373069763 
7 0.6947916635544971 0.9395833611488342 0.9395833611488342 
8 0.768794757022988 0.9395833611488342 0.9395833611488342 
9 0.8224222819408169 0.9416666626930237 0.9416666626930237 
10 0.8464558913037763 0.9416666626930237 0.9416666626930237 
11 0.8454895061113348 0.9437500238418579 0.9437500238418579 
12 0.8568318788893521 0.9437500238418579 0.9437500238418579 
13 0.8581176817715459 0.9416666626930237 0.9437500238418579 
14 0.8508992508650408 0.9437500238418579 0.9437500238418579 
15 0.8682210255683458 0.9437500238418579 0.9437500238418579 
16 0.8619832335825777 0.9437500238418579 0.9437500238418579 
17 0.8720967614463007 0.9437500238418579 0.9437500238418579 
18 0.8774698961497052 0.9437500238418579 0.9437500238418579 
19 0.8713277301067137 0.9458333253860474 0.9458333253860474 
20 0.8896871055985685 0.9479166865348816 0.9479166865348816 
21 0.8853373331221519 0.9479166865348816 0.9479166865348816 
22 0.8914327074235189 0.9479166865348816 0.9479166865348816 
23 0.9004862494111876 0.9479166865348816 0.9479166865348816 
24 0.8919006379728671 0.9479166865348816 0.9479166865348816 
25 0.887294522326556 0.9479166865348816 0.9479166865348816 
26 0.8869079688447528 0.949999988079071 0.949999988079071 
27 0.8903035576659022 0.949999988079071 0.949999988079071 
28 0.8898356216959655 0.949999988079071 0.949999988079071 
29 0.8833658931398531 0.949999988079071 0.949999988079071 
30 0.885670984396711 0.949999988079071 0.949999988079071 
31 0.8847412106115371 0.9520833492279053 0.9520833492279053 
32 0.8767150844214484 0.9520833492279053 0.9520833492279053 
33 0.8842163051886018 0.9520833492279053 0.9520833492279053 
34 0.8791056279733311 0.9520833492279053 0.9520833492279053 
35 0.8876383444730891 0.9520833492279053 0.9520833492279053 
36 0.8867228191229515 0.9520833492279053 0.9520833492279053 
37 0.886138917907374 0.9541666507720947 0.9541666507720947 
38 0.8841634152049664 0.9541666507720947 0.9541666507720947 
39 0.8809834851999767 0.9541666507720947 0.9541666507720947 
40 0.8730428113194648 0.9541666507720947 0.9541666507720947 
41 0.8883931520977058 0.9541666507720947 0.9541666507720947 
42 0.886722821262083 0.9541666507720947 0.9541666507720947 
43 0.8832071919168811 0.9541666507720947 0.9541666507720947 
44 0.8872823043493554 0.9541666507720947 0.9541666507720947 
45 0.8811909940268379 0.9541666507720947 0.9541666507720947 
46 0.8867757100451854 0.9583333134651184 0.9583333134651184 
47 0.8811482685341616 0.9583333134651184 0.9583333134651184 
48 0.8887858032394433 0.9583333134651184 0.9583333134651184 
49 0.8958109532140952 0.9583333134651184 0.9583333134651184 
50 0.9109924327058252 0.9583333134651184 0.9583333134651184 
