0 0.4691894451389089 0.75 0.75 
1 0.5050943933892995 0.7354166507720947 0.75 
2 0.5324442471755901 0.893750011920929 0.893750011920929 
3 0.5652730296133086 0.925000011920929 0.925000011920929 
4 0.5992858914687531 0.925000011920929 0.925000011920929 
5 0.6376342781295534 0.925000011920929 0.925000011920929 
6 0.7087972016815911 0.9333333373069763 0.9333333373069763 
7 0.801338708770345 0.9333333373069763 0.9333333373069763 
8 0.8163289430667646 0.9395833611488342 0.9395833611488342 
9 0.8265055358460813 0.9395833611488342 0.9395833611488342 
10 0.8353739448648412 0.9395833611488342 0.9395833611488342 
11 0.8517496830427262 0.9395833611488342 0.9395833611488342 
12 0.8587809407617897 0.9395833611488342 0.9395833611488342 
13 0.8771667663240805 0.9395833611488342 0.9395833611488342 
14 0.8746968772320542 0.9395833611488342 0.9395833611488342 
15 0.8879496457811911 0.9437500238418579 0.9437500238418579 
16 0.8797912791123963 0.9437500238418579 0.9437500238418579 
17 0.8726806819904596 0.9437500238418579 0.9437500238418579 
18 0.8835327332199086 0.9437500238418579 0.9437500238418579 
19 0.8913818515575258 0.9437500238418579 0.9437500238418579 
20 0.9005595047783572 0.9437500238418579 0.9437500238418579 
21 0.8928548345138552 0.9458333253860474 0.9458333253860474 
22 0.9003438489453401 0.9458333253860474 0.9458333253860474 
23 0.8959167639841326 0.9458333253860474 0.9458333253860474 
24 0.9023193484172225 0.9458333253860474 0.9458333253860474 
25 0.8971496608864982 0.9458333253860474 0.9458333253860474 
26 0.9036600730905775 0.9458333253860474 0.9458333253860474 
27 0.9017232234182302 0.9458333253860474 0.9458333253860474 
28 0.895593259279849 0.9458333253860474 0.9458333253860474 
29 0.9029540988267399 0.9458333253860474 0.9458333253860474 
30 0.897619626543019 0.9458333253860474 0.9458333253860474 
31 0.9007019016426057 0.9458333253860474 0.9458333253860474 
32 0.9024597144743893 0.9458333253860474 0.9458333253860474 
33 0.904976396355778 0.9458333253860474 0.9458333253860474 
34 0.9001932750688866 0.9458333253860474 0.9458333253860474 
35 0.9028666143422015 0.9458333253860474 0.9458333253860474 
36 0.9089721647033002 0.9458333253860474 0.9458333253860474 
37 0.9011169406003319 0.9458333253860474 0.9458333253860474 
38 0.9028137171990238 0.9458333253860474 0.9458333253860474 
39 0.9020935026637744 0.9479166865348816 0.9479166865348816 
40 0.9070434535387903 0.9479166865348816 0.9479166865348816 
41 0.8959696420934051 0.9479166865348816 0.9479166865348816 
42 0.9063273089705035 0.9479166865348816 0.9479166865348816 
43 0.9066894555289764 0.9479166865348816 0.9479166865348816 
44 0.91033529365086 0.9479166865348816 0.9479166865348816 
45 0.9088663824659307 0.9479166865348816 0.9479166865348816 
46 0.9050618559704162 0.949999988079071 0.949999988079071 
47 0.9061381112551317 0.949999988079071 0.949999988079071 
48 0.9135599850851577 0.949999988079071 0.949999988079071 
49 0.9115315831149928 0.949999988079071 0.949999988079071 
50 0.9072835362167098 0.949999988079071 0.949999988079071 
