0 0.47059935782453977 0.7437499761581421 0.7437499761581421 
1 0.506296785955783 0.7437499761581421 0.7437499761581421 
2 0.5265665600309148 0.8520833253860474 0.8520833253860474 
3 0.5507629338826519 0.90625 0.90625 
4 0.5787719660729636 0.90625 0.90625 
5 0.6196858626353787 0.9083333611488342 0.9083333611488342 
6 0.6531392327306094 0.925000011920929 0.925000011920929 
7 0.7270996054867283 0.925000011920929 0.925000011920929 
8 0.7562418643283308 0.9270833134651184 0.9270833134651184 
9 0.7753397731139557 0.9333333373069763 0.9333333373069763 
10 0.7844401128095342 0.9333333373069763 0.9333333373069763 
11 0.7745503742917208 0.9375 0.9375 
12 0.8089904688531533 0.9395833611488342 0.9395833611488342 
13 0.8400838084489806 0.9395833611488342 0.9395833611488342 
14 0.8209106359063298 0.9395833611488342 0.9395833611488342 
15 0.84682820137823 0.9395833611488342 0.9395833611488342 
16 0.8572855687598349 0.9395833611488342 0.9395833611488342 
17 0.855698660860071 0.9395833611488342 0.9395833611488342 
18 0.8736084121046588 0.9395833611488342 0.9395833611488342 
19 0.8668192682671361 0.9395833611488342 0.9395833611488342 
20 0.8674804832407972 0.9395833611488342 0.9395833611488342 
21 0.8778951148560736 0.9416666626930237 0.9416666626930237 
22 0.8829081370713538 0.9437500238418579 0.9437500238418579 
23 0.8791056417030632 0.9437500238418579 0.9437500238418579 
24 0.8709676160506206 0.9458333253860474 0.9458333253860474 
25 0.8834574432366935 0.9458333253860474 0.9458333253860474 
26 0.882301846795599 0.9458333253860474 0.9458333253860474 
27 0.8781941817651386 0.9458333253860474 0.9458333253860474 
28 0.8856526756062522 0.949999988079071 0.949999988079071 
29 0.8907552087111981 0.949999988079071 0.949999988079071 
30 0.8877441387994622 0.949999988079071 0.949999988079071 
31 0.8902384405118937 0.9520833492279053 0.9520833492279053 
32 0.8956542905434617 0.9520833492279053 0.9520833492279053 
33 0.8981282480744994 0.9520833492279053 0.9520833492279053 
34 0.8938598581153201 0.9520833492279053 0.9520833492279053 
35 0.896132402420335 0.9520833492279053 0.9520833492279053 
36 0.8926452662053634 0.956250011920929 0.956250011920929 
37 0.8905090415937593 0.956250011920929 0.956250011920929 
38 0.8925435469936929 0.956250011920929 0.956250011920929 
39 0.8974263595991943 0.9583333134651184 0.9583333134651184 
40 0.8936971086659469 0.9583333134651184 0.9583333134651184 
41 0.9093566960364114 0.9583333134651184 0.9583333134651184 
42 0.9031026246375404 0.9583333134651184 0.9583333134651184 
43 0.8972452836533193 0.9583333134651184 0.9583333134651184 
44 0.9112955730743124 0.9583333134651184 0.9583333134651184 
45 0.9110270132805454 0.9604166746139526 0.9604166746139526 
46 0.9021931877359748 0.9604166746139526 0.9604166746139526 
47 0.9110758384777 0.9604166746139526 0.9604166746139526 
48 0.9090291263528343 0.9604166746139526 0.9604166746139526 
49 0.9147766039022827 0.9604166746139526 0.9604166746139526 
50 0.9112345322937472 0.9604166746139526 0.9604166746139526 
