0 0.4675699793442618 0.7437499761581421 0.7437499761581421 
1 0.5085245695954654 0.7437499761581421 0.7437499761581421 
2 0.5342508865287527 0.7437499761581421 0.7437499761581421 
3 0.5647705025767209 0.8583333492279053 0.8583333492279053 
4 0.6220235094515374 0.8791666626930237 0.8791666626930237 
5 0.6651102580799488 0.8791666626930237 0.8791666626930237 
6 0.7056905044446466 0.8791666626930237 0.8791666626930237 
7 0.7412455236917594 0.925000011920929 0.925000011920929 
8 0.7693603552907007 0.8812500238418579 0.925000011920929 
9 0.7670104984717909 0.8812500238418579 0.925000011920929 
10 0.7742370570849744 0.8833333253860474 0.925000011920929 
11 0.7894816037005512 0.8833333253860474 0.925000011920929 
12 0.7878214495867724 0.8833333253860474 0.925000011920929 
13 0.8005432142817881 0.9395833611488342 0.9395833611488342 
14 0.8121256554150023 0.9395833611488342 0.9395833611488342 
15 0.8092956566251814 0.9395833611488342 0.9395833611488342 
16 0.8394673713482916 0.9416666626930237 0.9416666626930237 
17 0.8622273882501759 0.9416666626930237 0.9416666626930237 
18 0.8632059869705699 0.9416666626930237 0.9416666626930237 
19 0.8681884841935243 0.9416666626930237 0.9416666626930237 
20 0.8844421399116982 0.9437500238418579 0.9437500238418579 
21 0.8882385249889921 0.9437500238418579 0.9437500238418579 
22 0.8875752771564294 0.9437500238418579 0.9437500238418579 
23 0.8852457712637261 0.9437500238418579 0.9437500238418579 
24 0.8974060154869221 0.9458333253860474 0.9458333253860474 
25 0.9010172676062211 0.9458333253860474 0.9458333253860474 
26 0.8948811994050629 0.9479166865348816 0.9479166865348816 
27 0.8986145144735929 0.9479166865348816 0.9479166865348816 
28 0.9036295624100603 0.949999988079071 0.949999988079071 
29 0.9094807939545717 0.949999988079071 0.949999988079071 
30 0.9141947427124251 0.9520833492279053 0.9520833492279053 
31 0.9147298194293398 0.9520833492279053 0.9520833492279053 
32 0.9218627912923694 0.9520833492279053 0.9520833492279053 
33 0.9255594840506092 0.9520833492279053 0.9520833492279053 
34 0.9206217421160545 0.9520833492279053 0.9520833492279053 
35 0.9176554376608692 0.9520833492279053 0.9520833492279053 
36 0.9082824768556748 0.9541666507720947 0.9541666507720947 
37 0.9120707272086293 0.9541666507720947 0.9541666507720947 
38 0.9085164456919301 0.9541666507720947 0.9541666507720947 
39 0.9169026742456481 0.9541666507720947 0.9541666507720947 
40 0.9199381519283634 0.956250011920929 0.956250011920929 
41 0.9128112746038823 0.956250011920929 0.956250011920929 
42 0.9194030709622893 0.956250011920929 0.956250011920929 
43 0.916760250198422 0.956250011920929 0.956250011920929 
44 0.9243611641868483 0.956250011920929 0.956250011920929 
45 0.9221659372051363 0.956250011920929 0.956250011920929 
46 0.9275044808455277 0.956250011920929 0.956250011920929 
47 0.9264953667006921 0.956250011920929 0.956250011920929 
48 0.92178752127802 0.956250011920929 0.956250011920929 
49 0.9264831596810836 0.956250011920929 0.956250011920929 
50 0.9248026581481099 0.956250011920929 0.956250011920929 
