0 0.46909585906541906 0.6458333134651184 0.6458333134651184 
1 0.5048848399455892 0.7229166626930237 0.7229166626930237 
2 0.526241038372973 0.7229166626930237 0.7229166626930237 
3 0.5477437263034517 0.7770833373069763 0.7770833373069763 
4 0.5899068128928775 0.7958333492279053 0.7958333492279053 
5 0.628582756355172 0.8145833611488342 0.8145833611488342 
6 0.6531534786481643 0.8583333492279053 0.8583333492279053 
7 0.6847086568741361 0.9104166626930237 0.9104166626930237 
8 0.7233846021845238 0.9291666746139526 0.9291666746139526 
9 0.7524149577511707 0.9291666746139526 0.9291666746139526 
10 0.7758850112440996 0.9291666746139526 0.9291666746139526 
11 0.7879781064984854 0.9395833611488342 0.9395833611488342 
12 0.7856791150697973 0.9395833611488342 0.9395833611488342 
13 0.7849711094095255 0.9395833611488342 0.9395833611488342 
14 0.8132548005742137 0.9395833611488342 0.9395833611488342 
15 0.8379781125331647 0.9395833611488342 0.9395833611488342 
16 0.8473510852745676 0.9395833611488342 0.9395833611488342 
17 0.8532104623445775 0.9395833611488342 0.9395833611488342 
18 0.8485372040559014 0.9395833611488342 0.9395833611488342 
19 0.8416056435635255 0.9416666626930237 0.9416666626930237 
20 0.8652343884459697 0.9416666626930237 0.9416666626930237 
21 0.8548929957614746 0.9416666626930237 0.9416666626930237 
22 0.8911661835736595 0.9416666626930237 0.9416666626930237 
23 0.9023132332076784 0.9416666626930237 0.9416666626930237 
24 0.9079305001941975 0.9416666626930237 0.9416666626930237 
25 0.9113260904850904 0.9416666626930237 0.9416666626930237 
26 0.913448079052614 0.9416666626930237 0.9416666626930237 
27 0.9093444826503401 0.9416666626930237 0.9416666626930237 
28 0.91205240887939 0.9416666626930237 0.9416666626930237 
29 0.9035624181706225 0.9416666626930237 0.9416666626930237 
30 0.9042378737285617 0.9416666626930237 0.9416666626930237 
31 0.9112182620156091 0.9479166865348816 0.9479166865348816 
32 0.9042521164592472 0.9479166865348816 0.9479166865348816 
33 0.9093933132535312 0.9479166865348816 0.9479166865348816 
34 0.9139974031313614 0.9479166865348816 0.9479166865348816 
35 0.9187886645595427 0.9479166865348816 0.9479166865348816 
36 0.9243855904423981 0.9479166865348816 0.9479166865348816 
37 0.914050303545082 0.9479166865348816 0.9479166865348816 
38 0.9151733510334452 0.9479166865348816 0.9479166865348816 
39 0.916882335270202 0.9479166865348816 0.9479166865348816 
40 0.9173868927282456 0.9479166865348816 0.9479166865348816 
41 0.9199788533733226 0.949999988079071 0.949999988079071 
42 0.9198873002678738 0.949999988079071 0.949999988079071 
43 0.9175781363919668 0.949999988079071 0.949999988079071 
44 0.9268330998820602 0.949999988079071 0.949999988079071 
45 0.9159952864320076 0.949999988079071 0.949999988079071 
46 0.9121480300455005 0.949999988079071 0.949999988079071 
47 0.9182698530858033 0.949999988079071 0.949999988079071 
48 0.9199076296717976 0.949999988079071 0.949999988079071 
49 0.9216186487428786 0.949999988079071 0.949999988079071 
50 0.9191426551406039 0.949999988079071 0.949999988079071 
