0 0.4702636642323341 0.6083333492279053 0.6083333492279053 
1 0.5056437096645823 0.7437499761581421 0.7437499761581421 
2 0.5251647858094657 0.9041666388511658 0.9041666388511658 
3 0.5474080378480721 0.9041666388511658 0.9041666388511658 
4 0.575539145123912 0.925000011920929 0.925000011920929 
5 0.6168294266826706 0.925000011920929 0.925000011920929 
6 0.6752807558514178 0.9270833134651184 0.9270833134651184 
7 0.729274487188377 0.9333333373069763 0.9333333373069763 
8 0.7557006788047147 0.9375 0.9375 
9 0.7919982911043917 0.9395833611488342 0.9395833611488342 
10 0.7909688270956394 0.9395833611488342 0.9395833611488342 
11 0.8077718035128783 0.9395833611488342 0.9395833611488342 
12 0.8223856551776407 0.9395833611488342 0.9395833611488342 
13 0.8064473496524442 0.9395833611488342 0.9395833611488342 
14 0.8462544889225683 0.9416666626930237 0.9416666626930237 
15 0.8402832183128339 0.9395833611488342 0.9416666626930237 
16 0.8418721671114326 0.9395833611488342 0.9416666626930237 
17 0.8620931165351067 0.9395833611488342 0.9416666626930237 
18 0.8606730319806957 0.9395833611488342 0.9416666626930237 
19 0.8624511893176532 0.9416666626930237 0.9416666626930237 
20 0.8623698088013043 0.9416666626930237 0.9416666626930237 
21 0.8582682422820653 0.9479166865348816 0.9479166865348816 
22 0.8740824443448219 0.9479166865348816 0.9479166865348816 
23 0.8742512993594573 0.9479166865348816 0.9479166865348816 
24 0.8787394193859654 0.9479166865348816 0.9479166865348816 
25 0.8798360221480834 0.9479166865348816 0.9479166865348816 
26 0.8723185301787453 0.9479166865348816 0.9479166865348816 
27 0.8724263610201888 0.9479166865348816 0.9479166865348816 
28 0.8759419877824257 0.9479166865348816 0.9479166865348816 
29 0.8767273063313041 0.9479166865348816 0.9479166865348816 
30 0.8839050417300314 0.949999988079071 0.949999988079071 
31 0.8838460405822843 0.949999988079071 0.949999988079071 
32 0.8908264278288698 0.949999988079071 0.949999988079071 
33 0.8889913025486749 0.949999988079071 0.949999988079071 
34 0.886393235239666 0.949999988079071 0.949999988079071 
35 0.8930908191250637 0.949999988079071 0.949999988079071 
36 0.883131912938552 0.949999988079071 0.949999988079071 
37 0.8838073683145922 0.949999988079071 0.949999988079071 
38 0.8826843209390063 0.9520833492279053 0.9520833492279053 
39 0.8831481886445545 0.9520833492279053 0.9520833492279053 
40 0.8836608848068863 0.9541666507720947 0.9541666507720947 
41 0.8958577470584714 0.9541666507720947 0.9541666507720947 
42 0.8911905958666466 0.9541666507720947 0.9541666507720947 
43 0.8944030794373248 0.9541666507720947 0.9541666507720947 
44 0.8948303176730406 0.956250011920929 0.956250011920929 
45 0.8999816808209289 0.956250011920929 0.956250011920929 
46 0.9077758703788277 0.956250011920929 0.956250011920929 
47 0.8927103610476479 0.956250011920929 0.956250011920929 
48 0.8986531560367439 0.956250011920929 0.956250011920929 
49 0.8955729200897622 0.956250011920929 0.956250011920929 
50 0.900270593847381 0.956250011920929 0.956250011920929 
