0 0.4695434500317788 0.925000011920929 0.925000011920929 
1 0.5062703381699976 0.8062499761581421 0.925000011920929 
2 0.5282165443932172 0.9083333611488342 0.925000011920929 
3 0.563623044436099 0.9395833611488342 0.9395833611488342 
4 0.6013387028360739 0.9395833611488342 0.9395833611488342 
5 0.6799580871593207 0.9395833611488342 0.9395833611488342 
6 0.7634928347470122 0.9395833611488342 0.9395833611488342 
7 0.8244893387309276 0.9416666626930237 0.9416666626930237 
8 0.8602376396011095 0.9416666626930237 0.9416666626930237 
9 0.853623466049612 0.9416666626930237 0.9416666626930237 
10 0.8612508269725367 0.9416666626930237 0.9416666626930237 
11 0.8729838145445683 0.9416666626930237 0.9416666626930237 
12 0.886063644047681 0.9416666626930237 0.9416666626930237 
13 0.8819193527160678 0.9437500238418579 0.9437500238418579 
14 0.8800069169665221 0.9437500238418579 0.9437500238418579 
15 0.8846191411103064 0.9437500238418579 0.9437500238418579 
16 0.8726440424907196 0.9437500238418579 0.9437500238418579 
17 0.8875000006337359 0.9437500238418579 0.9437500238418579 
18 0.8809529673053476 0.9437500238418579 0.9437500238418579 
19 0.8574991970781412 0.9479166865348816 0.9479166865348816 
20 0.852655042825063 0.9479166865348816 0.9479166865348816 
21 0.8632568491193524 0.9479166865348816 0.9479166865348816 
22 0.8717061485585873 0.9479166865348816 0.9479166865348816 
23 0.8889770602618228 0.9479166865348816 0.9479166865348816 
24 0.9110839957138523 0.9479166865348816 0.9479166865348816 
25 0.9036112570320256 0.9479166865348816 0.9479166865348816 
26 0.9086893844068982 0.9479166865348816 0.9479166865348816 
27 0.9145894496177789 0.9479166865348816 0.9479166865348816 
28 0.9021952428447548 0.9479166865348816 0.9479166865348816 
29 0.9027425249514636 0.9479166865348816 0.9479166865348816 
30 0.9084961053122242 0.949999988079071 0.949999988079071 
31 0.9136373013752745 0.949999988079071 0.949999988079071 
32 0.9103088504343759 0.949999988079071 0.949999988079071 
33 0.9104594015807379 0.949999988079071 0.949999988079071 
34 0.9157552162942011 0.9520833492279053 0.9520833492279053 
35 0.9156392425647937 0.9520833492279053 0.9520833492279053 
36 0.910213212860981 0.9520833492279053 0.9520833492279053 
37 0.9190775543975178 0.9520833492279053 0.9520833492279053 
38 0.9153279664897127 0.9520833492279053 0.9520833492279053 
39 0.9135192950197961 0.9520833492279053 0.9520833492279053 
40 0.9172709235099319 0.9520833492279053 0.9520833492279053 
41 0.9143961670342833 0.9520833492279053 0.9520833492279053 
42 0.9202799569175113 0.9520833492279053 0.9520833492279053 
43 0.9179545175575186 0.9520833492279053 0.9520833492279053 
44 0.9175557542475872 0.9520833492279053 0.9520833492279053 
45 0.9209330329322256 0.9520833492279053 0.9520833492279053 
46 0.9130045656638686 0.9520833492279053 0.9520833492279053 
47 0.9156392502445669 0.9520833492279053 0.9520833492279053 
48 0.9204610281158239 0.9520833492279053 0.9520833492279053 
49 0.9156311126134824 0.9520833492279053 0.9520833492279053 
50 0.9171691992378328 0.9520833492279053 0.9520833492279053 
