0 0.46820474535343237 0.6083333492279053 0.6083333492279053 
1 0.5035827564133797 0.90625 0.90625 
2 0.5233662831014954 0.90625 0.90625 
3 0.5468953400268219 0.90625 0.90625 
4 0.5810953766922466 0.9270833134651184 0.9270833134651184 
5 0.6196146623333334 0.9312499761581421 0.9312499761581421 
6 0.672530107331113 0.9333333373069763 0.9333333373069763 
7 0.725327551823284 0.9333333373069763 0.9333333373069763 
8 0.7435262029030127 0.9375 0.9375 
9 0.7546244271143223 0.9375 0.9375 
10 0.753411861071072 0.9375 0.9375 
11 0.7704121853239485 0.9395833611488342 0.9395833611488342 
12 0.7916503855158226 0.9395833611488342 0.9395833611488342 
13 0.8414265926840017 0.9395833611488342 0.9395833611488342 
14 0.8636983244687144 0.9416666626930237 0.9416666626930237 
15 0.8658650789693638 0.9437500238418579 0.9437500238418579 
16 0.8824117151743849 0.9437500238418579 0.9437500238418579 
17 0.8716430784406839 0.9437500238418579 0.9437500238418579 
18 0.8733418870069727 0.9458333253860474 0.9458333253860474 
19 0.8726501514247502 0.9458333253860474 0.9458333253860474 
20 0.8705729209614219 0.9458333253860474 0.9458333253860474 
21 0.8863789966708282 0.9458333253860474 0.9458333253860474 
22 0.8896097903925693 0.9479166865348816 0.9479166865348816 
23 0.888920088444138 0.9458333253860474 0.9479166865348816 
24 0.882873534807004 0.9458333253860474 0.9479166865348816 
25 0.891654458566336 0.9479166865348816 0.9479166865348816 
26 0.8925252264598384 0.9479166865348816 0.9479166865348816 
27 0.8925272626875085 0.9479166865348816 0.9479166865348816 
28 0.883144125022227 0.9479166865348816 0.9479166865348816 
29 0.8791585321596358 0.949999988079071 0.949999988079071 
30 0.8835571366071235 0.949999988079071 0.949999988079071 
31 0.8861633407068439 0.949999988079071 0.949999988079071 
32 0.8835673122375738 0.949999988079071 0.949999988079071 
33 0.8889506113191601 0.949999988079071 0.949999988079071 
34 0.875368250941392 0.949999988079071 0.949999988079071 
35 0.8848185238311999 0.949999988079071 0.949999988079071 
36 0.86829427088378 0.949999988079071 0.949999988079071 
37 0.876877847884316 0.949999988079071 0.949999988079071 
38 0.8845601394714322 0.949999988079071 0.949999988079071 
39 0.8803324388863984 0.949999988079071 0.949999988079071 
40 0.8722757979121525 0.949999988079071 0.949999988079071 
41 0.8711853028216865 0.949999988079071 0.949999988079071 
42 0.8806376141146757 0.9520833492279053 0.9520833492279053 
43 0.8753865556791425 0.9520833492279053 0.9520833492279053 
44 0.8828857408370823 0.9541666507720947 0.9541666507720947 
45 0.8794209790939931 0.9541666507720947 0.9541666507720947 
46 0.879797363479156 0.9541666507720947 0.9541666507720947 
47 0.8828837079927325 0.9541666507720947 0.9541666507720947 
48 0.8931722032430116 0.9541666507720947 0.9541666507720947 
49 0.8797688863996882 0.9541666507720947 0.9541666507720947 
50 0.8745585194556043 0.9541666507720947 0.9541666507720947 
