0 0.47033283789642155 0.6791666746139526 0.6791666746139526 
1 0.5067850677005481 0.90625 0.90625 
2 0.5287312747968826 0.9125000238418579 0.9125000238418579 
3 0.5478332484344719 0.9125000238418579 0.9125000238418579 
4 0.5789367671313812 0.9125000238418579 0.9125000238418579 
5 0.6315002417541109 0.9125000238418579 0.9125000238418579 
6 0.6862060537023353 0.9333333373069763 0.9333333373069763 
7 0.7225728373450693 0.9333333373069763 0.9333333373069763 
8 0.7628702861911734 0.9395833611488342 0.9395833611488342 
9 0.7783630436679232 0.9395833611488342 0.9395833611488342 
10 0.8017842629924417 0.9395833611488342 0.9395833611488342 
11 0.834659830929013 0.9395833611488342 0.9395833611488342 
12 0.8665079805941787 0.9395833611488342 0.9395833611488342 
13 0.8881754701142199 0.9395833611488342 0.9395833611488342 
14 0.8924113130487967 0.9395833611488342 0.9395833611488342 
15 0.8907470872509293 0.9416666626930237 0.9416666626930237 
16 0.8989827652985696 0.9416666626930237 0.9416666626930237 
17 0.8903768068994395 0.9437500238418579 0.9437500238418579 
18 0.8916890614491422 0.9437500238418579 0.9437500238418579 
19 0.8764485759274976 0.9437500238418579 0.9437500238418579 
20 0.869710286060581 0.9437500238418579 0.9437500238418579 
21 0.8653584785570274 0.9437500238418579 0.9437500238418579 
22 0.8562032077388722 0.9458333253860474 0.9458333253860474 
23 0.8543986063414195 0.9458333253860474 0.9458333253860474 
24 0.8478902265633224 0.9458333253860474 0.9458333253860474 
25 0.848148611097713 0.9458333253860474 0.9458333253860474 
26 0.8606079171986494 0.9458333253860474 0.9458333253860474 
27 0.8494588221983577 0.9479166865348816 0.9479166865348816 
28 0.8520060186565388 0.9479166865348816 0.9479166865348816 
29 0.8497985797876026 0.9479166865348816 0.9479166865348816 
30 0.8516520142366062 0.9479166865348816 0.9479166865348816 
31 0.8683614080655389 0.9479166865348816 0.9479166865348816 
32 0.874849449035537 0.9479166865348816 0.9479166865348816 
33 0.8748698007475468 0.9479166865348816 0.9479166865348816 
34 0.8803344816842582 0.9479166865348816 0.9479166865348816 
35 0.8888733001331275 0.9479166865348816 0.9479166865348816 
36 0.886983245232841 0.9479166865348816 0.9479166865348816 
37 0.8895975857994927 0.949999988079071 0.949999988079071 
38 0.8825093687992194 0.9479166865348816 0.949999988079071 
39 0.8701680605954607 0.9479166865348816 0.949999988079071 
40 0.8889872340441798 0.9479166865348816 0.949999988079071 
41 0.8720764261088334 0.9479166865348816 0.949999988079071 
42 0.878788260572037 0.9479166865348816 0.949999988079071 
43 0.8830118920959649 0.9479166865348816 0.949999988079071 
44 0.8727640898723621 0.9479166865348816 0.949999988079071 
45 0.8819661568886659 0.9479166865348816 0.949999988079071 
46 0.8751607367375982 0.949999988079071 0.949999988079071 
47 0.8782959088603093 0.9520833492279053 0.9520833492279053 
48 0.8783956000006583 0.9520833492279053 0.9520833492279053 
49 0.8781189080436889 0.9520833492279053 0.9520833492279053 
50 0.8785176712044631 0.9520833492279053 0.9520833492279053 
