0 0.46799315651878715 0.6020833253860474 0.6020833253860474 
1 0.5077046633959981 0.7104166746139526 0.7104166746139526 
2 0.5250284740177449 0.7104166746139526 0.7104166746139526 
3 0.5443013451003935 0.8395833373069763 0.8395833373069763 
4 0.584806311147986 0.9375 0.9375 
5 0.6334167451241228 0.9375 0.9375 
6 0.6612040171094122 0.9395833611488342 0.9395833611488342 
7 0.7196309380742605 0.9395833611488342 0.9395833611488342 
8 0.7910583481789217 0.9416666626930237 0.9416666626930237 
9 0.8229370096232742 0.9416666626930237 0.9416666626930237 
10 0.8426167839061236 0.9416666626930237 0.9416666626930237 
11 0.8407491128054971 0.9416666626930237 0.9416666626930237 
12 0.8400472077373706 0.9416666626930237 0.9416666626930237 
13 0.8442342123635171 0.9437500238418579 0.9437500238418579 
14 0.8531758589233505 0.9437500238418579 0.9437500238418579 
15 0.8522806740038504 0.9437500238418579 0.9437500238418579 
16 0.8571472110852483 0.9437500238418579 0.9437500238418579 
17 0.8593505804165034 0.9437500238418579 0.9437500238418579 
18 0.8693298282814794 0.9437500238418579 0.9437500238418579 
19 0.8699381453188835 0.9437500238418579 0.9437500238418579 
20 0.8657979273193632 0.9437500238418579 0.9437500238418579 
21 0.8661275167942222 0.9437500238418579 0.9437500238418579 
22 0.8634012807633553 0.9437500238418579 0.9437500238418579 
23 0.8571126274546259 0.9437500238418579 0.9437500238418579 
24 0.8575744632762508 0.9458333253860474 0.9458333253860474 
25 0.8557515520333254 0.9458333253860474 0.9458333253860474 
26 0.8633117776771542 0.9458333253860474 0.9458333253860474 
27 0.8764709571842104 0.9458333253860474 0.9458333253860474 
28 0.8739298556465656 0.9458333253860474 0.9458333253860474 
29 0.8843566874857061 0.9479166865348816 0.9479166865348816 
30 0.8841573026802507 0.9479166865348816 0.9479166865348816 
31 0.8769307408947498 0.9479166865348816 0.9479166865348816 
32 0.8751444453082513 0.9479166865348816 0.9479166865348816 
33 0.8863321923854528 0.9479166865348816 0.9479166865348816 
34 0.8748331738534034 0.949999988079071 0.949999988079071 
35 0.8855570557352621 0.949999988079071 0.949999988079071 
36 0.8928934859286528 0.949999988079071 0.949999988079071 
37 0.8861328247949132 0.949999988079071 0.949999988079071 
38 0.883048512689129 0.949999988079071 0.949999988079071 
39 0.8907938671472948 0.949999988079071 0.949999988079071 
40 0.8999898241017945 0.949999988079071 0.949999988079071 
41 0.892085767678509 0.949999988079071 0.949999988079071 
42 0.899226881127106 0.949999988079071 0.949999988079071 
43 0.8901306082698284 0.949999988079071 0.949999988079071 
44 0.8906188899854897 0.949999988079071 0.949999988079071 
45 0.8955383229767904 0.949999988079071 0.949999988079071 
46 0.8922648041916545 0.949999988079071 0.949999988079071 
47 0.8906555103530991 0.949999988079071 0.949999988079071 
48 0.8970458924013656 0.949999988079071 0.949999988079071 
49 0.8896606370981317 0.949999988079071 0.949999988079071 
50 0.8919169032888021 0.949999988079071 0.949999988079071 
