0 0.47077229074784555 0.6791666746139526 0.6791666746139526 
1 0.5099588950397447 0.6833333373069763 0.6833333373069763 
2 0.5304219464305788 0.9041666388511658 0.9041666388511658 
3 0.5505147251096787 0.9041666388511658 0.9041666388511658 
4 0.5931660947098862 0.9104166626930237 0.9104166626930237 
5 0.6200622522665071 0.925000011920929 0.925000011920929 
6 0.6698913521177019 0.9333333373069763 0.9333333373069763 
7 0.7347147542168386 0.9333333373069763 0.9333333373069763 
8 0.7596272738737753 0.9395833611488342 0.9395833611488342 
9 0.7550821942459152 0.9395833611488342 0.9395833611488342 
10 0.8088338225970801 0.9395833611488342 0.9395833611488342 
11 0.8436116505290556 0.9395833611488342 0.9395833611488342 
12 0.8331420853355667 0.9416666626930237 0.9416666626930237 
13 0.8271280996232235 0.9416666626930237 0.9416666626930237 
14 0.814510105024965 0.9416666626930237 0.9416666626930237 
15 0.8244588358866167 0.9416666626930237 0.9416666626930237 
16 0.8292826478827919 0.9437500238418579 0.9437500238418579 
17 0.8308349709732283 0.9458333253860474 0.9458333253860474 
18 0.8453654000295501 0.9458333253860474 0.9458333253860474 
19 0.8535115578379191 0.9458333253860474 0.9458333253860474 
20 0.8713521374884294 0.9458333253860474 0.9458333253860474 
21 0.8831461612935527 0.9479166865348816 0.9479166865348816 
22 0.8822672493188293 0.9479166865348816 0.9479166865348816 
23 0.8920104936696589 0.9479166865348816 0.9479166865348816 
24 0.8890604641055688 0.949999988079071 0.949999988079071 
25 0.902927655930398 0.949999988079071 0.949999988079071 
26 0.8928243076370563 0.949999988079071 0.949999988079071 
27 0.9072326734603848 0.949999988079071 0.949999988079071 
28 0.9058268285007216 0.949999988079071 0.949999988079071 
29 0.9003234872652683 0.949999988079071 0.949999988079071 
30 0.9139241527882405 0.949999988079071 0.949999988079071 
31 0.9010131840186659 0.949999988079071 0.949999988079071 
32 0.9065124506305438 0.949999988079071 0.949999988079071 
33 0.9087931303947698 0.949999988079071 0.949999988079071 
34 0.911594643839635 0.949999988079071 0.949999988079071 
35 0.9095825179829262 0.9520833492279053 0.9520833492279053 
36 0.9086100253916811 0.9520833492279053 0.9520833492279053 
37 0.9142415377718862 0.9520833492279053 0.9520833492279053 
38 0.8987569213786628 0.9520833492279053 0.9520833492279053 
39 0.9036153213528451 0.9520833492279053 0.9520833492279053 
40 0.9024007224943489 0.9520833492279053 0.9520833492279053 
41 0.9015502986731008 0.9541666507720947 0.9541666507720947 
42 0.9007303913822398 0.9541666507720947 0.9541666507720947 
43 0.9022725421236828 0.9541666507720947 0.9541666507720947 
44 0.9072855580307078 0.9541666507720947 0.9541666507720947 
45 0.9046997002733406 0.956250011920929 0.956250011920929 
46 0.9134501099470071 0.956250011920929 0.956250011920929 
47 0.9097615558421239 0.956250011920929 0.956250011920929 
48 0.9116231306979898 0.9583333134651184 0.9583333134651184 
49 0.9154866574535845 0.9583333134651184 0.9583333134651184 
50 0.921148685447406 0.9583333134651184 0.9583333134651184 
