0 0.4684305748087354 0.918749988079071 0.918749988079071 
1 0.5027506432816153 0.9208333492279053 0.9208333492279053 
2 0.5261657599185128 0.9229166507720947 0.9229166507720947 
3 0.5544413160896511 0.925000011920929 0.925000011920929 
4 0.6281921345653245 0.9312499761581421 0.9312499761581421 
5 0.7364583308881265 0.9312499761581421 0.9312499761581421 
6 0.7835672987566795 0.9354166388511658 0.9354166388511658 
7 0.7975199343782151 0.9354166388511658 0.9354166388511658 
8 0.8269164966768585 0.9375 0.9375 
9 0.8363667724115658 0.9416666626930237 0.9416666626930237 
10 0.8468749897147063 0.9437500238418579 0.9437500238418579 
11 0.8451599081454333 0.9437500238418579 0.9437500238418579 
12 0.8611409562290646 0.9437500238418579 0.9437500238418579 
13 0.8738383059098851 0.9437500238418579 0.9437500238418579 
14 0.8675537132658064 0.9437500238418579 0.9437500238418579 
15 0.8724853538733441 0.9458333253860474 0.9458333253860474 
16 0.8708577544894069 0.9458333253860474 0.9458333253860474 
17 0.8778605223342311 0.9458333253860474 0.9458333253860474 
18 0.880438241205411 0.9458333253860474 0.9458333253860474 
19 0.8838236587762367 0.9458333253860474 0.9458333253860474 
20 0.8770467208523769 0.9458333253860474 0.9458333253860474 
21 0.8861551994050387 0.9479166865348816 0.9479166865348816 
22 0.8799031597736757 0.9479166865348816 0.9479166865348816 
23 0.8865030914603267 0.9479166865348816 0.9479166865348816 
24 0.8893534325252404 0.9479166865348816 0.9479166865348816 
25 0.8865926100115757 0.9479166865348816 0.9479166865348816 
26 0.8854573565768078 0.9479166865348816 0.9479166865348816 
27 0.8992126487282803 0.9479166865348816 0.9479166865348816 
28 0.8867472368001472 0.9479166865348816 0.9479166865348816 
29 0.8994812064047437 0.9479166865348816 0.9479166865348816 
30 0.8969523160485551 0.9479166865348816 0.9479166865348816 
31 0.8975952209730167 0.9479166865348816 0.9479166865348816 
32 0.9023579978966154 0.9479166865348816 0.9479166865348816 
33 0.8992167223477736 0.9479166865348816 0.9479166865348816 
34 0.8955078196886461 0.9479166865348816 0.9479166865348816 
35 0.906746425665915 0.9479166865348816 0.9479166865348816 
36 0.9045349193911534 0.9479166865348816 0.9479166865348816 
37 0.9057576583581977 0.9479166865348816 0.9479166865348816 
38 0.8970153873960953 0.9479166865348816 0.9479166865348816 
39 0.9082153396739159 0.9479166865348816 0.9479166865348816 
40 0.905670173233375 0.9479166865348816 0.9479166865348816 
41 0.9023661378014367 0.9479166865348816 0.9479166865348816 
42 0.906103524408536 0.9479166865348816 0.9479166865348816 
43 0.9066711521008983 0.9479166865348816 0.9479166865348816 
44 0.9098693939158693 0.9479166865348816 0.9479166865348816 
45 0.90961101121502 0.9479166865348816 0.9479166865348816 
46 0.9064290458045434 0.9479166865348816 0.9479166865348816 
47 0.9083414813212585 0.949999988079071 0.949999988079071 
48 0.9067667727358639 0.949999988079071 0.949999988079071 
49 0.9086710712581407 0.949999988079071 0.949999988079071 
50 0.905383309815079 0.949999988079071 0.949999988079071 
