0 0.4730346604192164 0.9208333492279053 0.9208333492279053 
1 0.507631420972757 0.925000011920929 0.925000011920929 
2 0.5339029853785178 0.9291666746139526 0.9291666746139526 
3 0.5627298957260791 0.9291666746139526 0.9291666746139526 
4 0.6225911434303271 0.9291666746139526 0.9291666746139526 
5 0.6773254375293618 0.9333333373069763 0.9333333373069763 
6 0.7688802092889091 0.9375 0.9375 
7 0.8087117518589366 0.9395833611488342 0.9395833611488342 
8 0.829541013641574 0.9416666626930237 0.9416666626930237 
9 0.8609252931491937 0.9437500238418579 0.9437500238418579 
10 0.8658284527300566 0.9437500238418579 0.9437500238418579 
11 0.8937703588453587 0.9437500238418579 0.9437500238418579 
12 0.8903869767964352 0.9437500238418579 0.9437500238418579 
13 0.8915812249178998 0.9437500238418579 0.9437500238418579 
14 0.8978495285846293 0.9437500238418579 0.9437500238418579 
15 0.8946757002267987 0.9437500238418579 0.9437500238418579 
16 0.8975891161244363 0.9437500238418579 0.9437500238418579 
17 0.9029744562285487 0.9458333253860474 0.9458333253860474 
18 0.8963846944097895 0.9458333253860474 0.9458333253860474 
19 0.9028584919287823 0.9458333253860474 0.9458333253860474 
20 0.906211355511914 0.9458333253860474 0.9458333253860474 
21 0.9081339627737179 0.9458333253860474 0.9458333253860474 
22 0.8979553280223627 0.9458333253860474 0.9458333253860474 
23 0.913010661577573 0.9458333253860474 0.9458333253860474 
24 0.9049926728766877 0.9458333253860474 0.9458333253860474 
25 0.9066467254597228 0.9458333253860474 0.9458333253860474 
26 0.9071777303615818 0.9458333253860474 0.9458333253860474 
27 0.9083292596624233 0.9458333253860474 0.9458333253860474 
28 0.9144795695901848 0.9458333253860474 0.9458333253860474 
29 0.9110188760387246 0.9479166865348816 0.9479166865348816 
30 0.9064432740124175 0.9479166865348816 0.9479166865348816 
31 0.905745440548344 0.9479166865348816 0.9479166865348816 
32 0.9035013844040805 0.949999988079071 0.949999988079071 
33 0.8878824941239145 0.949999988079071 0.949999988079071 
34 0.885062673874927 0.949999988079071 0.949999988079071 
35 0.9069295372100896 0.949999988079071 0.949999988079071 
36 0.8954630627049482 0.949999988079071 0.949999988079071 
37 0.9064758326567244 0.949999988079071 0.949999988079071 
38 0.9117146759235766 0.949999988079071 0.949999988079071 
39 0.9176717048394494 0.949999988079071 0.949999988079071 
40 0.918400058086263 0.949999988079071 0.949999988079071 
41 0.9178914314616122 0.949999988079071 0.949999988079071 
42 0.9178954997987603 0.949999988079071 0.949999988079071 
43 0.9216654381089029 0.949999988079071 0.949999988079071 
44 0.9152852297847858 0.949999988079071 0.949999988079071 
45 0.9199442468234338 0.9520833492279053 0.9520833492279053 
46 0.921976717596408 0.9520833492279053 0.9520833492279053 
47 0.9162678971915739 0.9520833492279053 0.9520833492279053 
48 0.9180806446674978 0.9520833492279053 0.9520833492279053 
49 0.9185465548653156 0.9520833492279053 0.9520833492279053 
50 0.9036153243796434 0.9541666507720947 0.9541666507720947 
