0 0.46831053936330136 0.6708333492279053 0.6708333492279053 
1 0.5075358001922723 0.7854166626930237 0.7854166626930237 
2 0.5389241449593101 0.925000011920929 0.925000011920929 
3 0.5753153451078106 0.824999988079071 0.925000011920929 
4 0.621470131794922 0.9083333611488342 0.925000011920929 
5 0.6828999823774211 0.9104166626930237 0.925000011920929 
6 0.7316019669087837 0.9125000238418579 0.925000011920929 
7 0.7590433706718613 0.9145833253860474 0.925000011920929 
8 0.8001769989859895 0.9166666865348816 0.925000011920929 
9 0.8189737969951238 0.9354166388511658 0.9354166388511658 
10 0.8248006210487802 0.9354166388511658 0.9354166388511658 
11 0.8163818385728518 0.9354166388511658 0.9354166388511658 
12 0.8232686316987383 0.9416666626930237 0.9416666626930237 
13 0.8256083031956223 0.9416666626930237 0.9416666626930237 
14 0.8363952487125061 0.9416666626930237 0.9416666626930237 
15 0.8450948035460897 0.9458333253860474 0.9458333253860474 
16 0.8575541260361206 0.9458333253860474 0.9458333253860474 
17 0.8635294632258592 0.9458333253860474 0.9458333253860474 
18 0.8743896470405161 0.9479166865348816 0.9479166865348816 
19 0.8667195619782433 0.9479166865348816 0.9479166865348816 
20 0.8669820131472079 0.9479166865348816 0.9479166865348816 
21 0.8778442348266253 0.9479166865348816 0.9479166865348816 
22 0.87913818078232 0.9479166865348816 0.9479166865348816 
23 0.8837219227280002 0.9479166865348816 0.9479166865348816 
24 0.883459474920528 0.9479166865348816 0.9479166865348816 
25 0.8823201556224376 0.9520833492279053 0.9520833492279053 
26 0.8875488361518364 0.9520833492279053 0.9520833492279053 
27 0.8895894441520795 0.9520833492279053 0.9520833492279053 
28 0.884120691975113 0.9541666507720947 0.9541666507720947 
29 0.891792809125036 0.9541666507720947 0.9541666507720947 
30 0.8935099342779722 0.9541666507720947 0.9541666507720947 
31 0.8992289293091744 0.9541666507720947 0.9541666507720947 
32 0.9029419012949802 0.9541666507720947 0.9541666507720947 
33 0.8964823449787218 0.9541666507720947 0.9541666507720947 
34 0.9019755050831009 0.9541666507720947 0.9541666507720947 
35 0.8950825971842278 0.956250011920929 0.956250011920929 
36 0.8968200631497893 0.956250011920929 0.956250011920929 
37 0.8931091245904099 0.956250011920929 0.956250011920929 
38 0.8948445593705401 0.956250011920929 0.956250011920929 
39 0.9049397756680264 0.956250011920929 0.956250011920929 
40 0.9052022312243935 0.9583333134651184 0.9583333134651184 
41 0.902113856136566 0.9583333134651184 0.9583333134651184 
42 0.9112467499217018 0.9583333134651184 0.9583333134651184 
43 0.9120869998005219 0.9583333134651184 0.9583333134651184 
44 0.9077250190312043 0.9583333134651184 0.9583333134651184 
45 0.9009419744688785 0.9583333134651184 0.9583333134651184 
46 0.8913920027844142 0.9583333134651184 0.9583333134651184 
47 0.8858337333076634 0.9583333134651184 0.9583333134651184 
48 0.9003377193876076 0.9604166746139526 0.9604166746139526 
49 0.8963399158237735 0.9604166746139526 0.9604166746139526 
50 0.9011657619557809 0.9604166746139526 0.9604166746139526 
