0 0.4677327397657791 0.6020833253860474 0.6020833253860474 
1 0.5040893480763771 0.7020833492279053 0.7020833492279053 
2 0.5268412172736134 0.7229166626930237 0.7229166626930237 
3 0.5372660284047015 0.9208333492279053 0.9208333492279053 
4 0.5615478515683208 0.90625 0.9208333492279053 
5 0.5952575677947607 0.9041666388511658 0.9208333492279053 
6 0.6211751303053461 0.9229166507720947 0.9229166507720947 
7 0.6693155910688802 0.9395833611488342 0.9395833611488342 
8 0.7339518205262721 0.9395833611488342 0.9395833611488342 
9 0.76382038785232 0.9416666626930237 0.9416666626930237 
10 0.8108276324201142 0.9416666626930237 0.9416666626930237 
11 0.8446879043258377 0.9416666626930237 0.9416666626930237 
12 0.8454305003542686 0.9437500238418579 0.9437500238418579 
13 0.844081626390107 0.9437500238418579 0.9437500238418579 
14 0.8545227088725369 0.9437500238418579 0.9437500238418579 
15 0.8591308600953198 0.9458333253860474 0.9458333253860474 
16 0.8596496584650595 0.9458333253860474 0.9458333253860474 
17 0.8594441757013556 0.9479166865348816 0.9479166865348816 
18 0.8742635158414487 0.9479166865348816 0.9479166865348816 
19 0.8825520917889662 0.9479166865348816 0.9479166865348816 
20 0.8860494062537327 0.9479166865348816 0.9479166865348816 
21 0.8925170965958387 0.9479166865348816 0.9479166865348816 
22 0.8953938870326965 0.9479166865348816 0.9479166865348816 
23 0.9016703387896996 0.9479166865348816 0.9479166865348816 
24 0.9011779882421251 0.9479166865348816 0.9479166865348816 
25 0.9096659448114224 0.9479166865348816 0.9479166865348816 
26 0.9104370230634231 0.949999988079071 0.949999988079071 
27 0.902899180946406 0.9520833492279053 0.9520833492279053 
28 0.9110880641092081 0.9520833492279053 0.9520833492279053 
29 0.9153259384038392 0.9520833492279053 0.9520833492279053 
30 0.9118469337990973 0.9520833492279053 0.9520833492279053 
31 0.9063964913657401 0.9520833492279053 0.9520833492279053 
32 0.906563318480039 0.9520833492279053 0.9520833492279053 
33 0.9026001016318332 0.9520833492279053 0.9520833492279053 
34 0.9041544659703504 0.9520833492279053 0.9520833492279053 
35 0.9006347731919959 0.9541666507720947 0.9541666507720947 
36 0.9057780026632827 0.9541666507720947 0.9541666507720947 
37 0.9142740968090948 0.9541666507720947 0.9541666507720947 
38 0.9123881066334434 0.9541666507720947 0.9541666507720947 
39 0.9253804498002864 0.9541666507720947 0.9541666507720947 
40 0.9320515884901397 0.9541666507720947 0.9541666507720947 
41 0.9332906012423337 0.9541666507720947 0.9541666507720947 
42 0.9348408944497351 0.9541666507720947 0.9541666507720947 
43 0.9325724212394562 0.9541666507720947 0.9541666507720947 
44 0.930531813588459 0.9541666507720947 0.9541666507720947 
45 0.9335205005772877 0.9541666507720947 0.9541666507720947 
46 0.9282470631296746 0.9541666507720947 0.9541666507720947 
47 0.9287211016926449 0.9541666507720947 0.9541666507720947 
48 0.928780103160534 0.9541666507720947 0.9541666507720947 
49 0.932352694508154 0.9541666507720947 0.9541666507720947 
50 0.9316345137485769 0.9541666507720947 0.9541666507720947 
