0 0.46690876501088496 0.7083333134651184 0.7083333134651184 
1 0.5025675379292807 0.762499988079071 0.762499988079071 
2 0.5284993380482774 0.9104166626930237 0.9104166626930237 
3 0.5507873466121964 0.9083333611488342 0.9104166626930237 
4 0.5839904742460931 0.9104166626930237 0.9104166626930237 
5 0.6326192173582967 0.9312499761581421 0.9312499761581421 
6 0.6805460583127569 0.9312499761581421 0.9312499761581421 
7 0.7218526182841742 0.9312499761581421 0.9312499761581421 
8 0.752836098014086 0.9375 0.9375 
9 0.7979817654922954 0.9395833611488342 0.9395833611488342 
10 0.8400492246291833 0.9395833611488342 0.9395833611488342 
11 0.8553324289459852 0.9395833611488342 0.9395833611488342 
12 0.8822367324319202 0.9416666626930237 0.9416666626930237 
13 0.8776387540565338 0.9416666626930237 0.9416666626930237 
14 0.8846130440033448 0.9416666626930237 0.9416666626930237 
15 0.8891703341796529 0.9416666626930237 0.9416666626930237 
16 0.8912089013610967 0.9416666626930237 0.9416666626930237 
17 0.8971557566837873 0.9416666626930237 0.9416666626930237 
18 0.9018412225996144 0.9416666626930237 0.9416666626930237 
19 0.9010762480029371 0.9437500238418579 0.9437500238418579 
20 0.8987711537338328 0.9437500238418579 0.9437500238418579 
21 0.8909077933203662 0.9437500238418579 0.9437500238418579 
22 0.8916971853177529 0.9437500238418579 0.9437500238418579 
23 0.8847920813714154 0.9437500238418579 0.9437500238418579 
24 0.8897461045417003 0.9437500238418579 0.9437500238418579 
25 0.8765279229555745 0.9458333253860474 0.9458333253860474 
26 0.893202729173936 0.9458333253860474 0.9458333253860474 
27 0.887866221164586 0.9458333253860474 0.9458333253860474 
28 0.8958007911278401 0.9458333253860474 0.9458333253860474 
29 0.896350104972953 0.9479166865348816 0.9479166865348816 
30 0.9066060423210729 0.9479166865348816 0.9479166865348816 
31 0.910192871990148 0.9479166865348816 0.9479166865348816 
32 0.916782634682022 0.9479166865348816 0.9479166865348816 
33 0.9121215830091387 0.9479166865348816 0.9479166865348816 
34 0.9095031768374611 0.9479166865348816 0.9479166865348816 
35 0.9033569382445421 0.9479166865348816 0.9479166865348816 
36 0.9060058658069465 0.9479166865348816 0.9479166865348816 
37 0.9019002348650247 0.9479166865348816 0.9479166865348816 
38 0.9097615634673275 0.9479166865348816 0.9479166865348816 
39 0.9073059150832705 0.9479166865348816 0.9479166865348816 
40 0.903849290771177 0.9479166865348816 0.9479166865348816 
41 0.9034098388219718 0.9479166865348816 0.9479166865348816 
42 0.910534676106181 0.9479166865348816 0.9479166865348816 
43 0.914514168020105 0.9479166865348816 0.9479166865348816 
44 0.9117228277027607 0.9479166865348816 0.9479166865348816 
45 0.909651700349059 0.9479166865348816 0.9479166865348816 
46 0.9071879162220284 0.9479166865348816 0.9479166865348816 
47 0.9114176517177839 0.9479166865348816 0.9479166865348816 
48 0.9128438397019636 0.9479166865348816 0.9479166865348816 
49 0.9135864347626921 0.9479166865348816 0.9479166865348816 
50 0.9118265880097169 0.9479166865348816 0.9479166865348816 
