0 0.4659444098942913 0.6812499761581421 0.6812499761581421 
1 0.5011881443933817 0.9208333492279053 0.9208333492279053 
2 0.5215291242056992 0.9208333492279053 0.9208333492279053 
3 0.5420328713953495 0.9312499761581421 0.9312499761581421 
4 0.5848408986348659 0.9333333373069763 0.9333333373069763 
5 0.6436462377459975 0.9354166388511658 0.9354166388511658 
6 0.7117390959756449 0.9395833611488342 0.9395833611488342 
7 0.7429199240650632 0.9395833611488342 0.9395833611488342 
8 0.7691813111850934 0.9395833611488342 0.9395833611488342 
9 0.7863789812654431 0.9416666626930237 0.9416666626930237 
10 0.8133443211336271 0.9416666626930237 0.9416666626930237 
11 0.8174174103405676 0.9416666626930237 0.9416666626930237 
12 0.8335815562168136 0.9416666626930237 0.9416666626930237 
13 0.8417867130301602 0.9416666626930237 0.9416666626930237 
14 0.8431905141515017 0.9416666626930237 0.9416666626930237 
15 0.8662312801279768 0.9416666626930237 0.9416666626930237 
16 0.8715169246243022 0.9416666626930237 0.9416666626930237 
17 0.8670491511002183 0.9416666626930237 0.9416666626930237 
18 0.8752726203674683 0.9416666626930237 0.9416666626930237 
19 0.8774047820916167 0.9416666626930237 0.9416666626930237 
20 0.8721171030192636 0.9416666626930237 0.9416666626930237 
21 0.8781656878090871 0.9416666626930237 0.9416666626930237 
22 0.8852701793366577 0.9416666626930237 0.9416666626930237 
23 0.8762735968339257 0.9458333253860474 0.9458333253860474 
24 0.88030802132198 0.9458333253860474 0.9458333253860474 
25 0.8871439584763721 0.9458333253860474 0.9458333253860474 
26 0.8896586090231722 0.9458333253860474 0.9458333253860474 
27 0.8954671216852148 0.9479166865348816 0.9479166865348816 
28 0.903367102262564 0.9479166865348816 0.9479166865348816 
29 0.9004333474294981 0.9479166865348816 0.9479166865348816 
30 0.9118428593137651 0.9479166865348816 0.9479166865348816 
31 0.9156555304507492 0.9520833492279053 0.9520833492279053 
32 0.9166300588767626 0.9520833492279053 0.9520833492279053 
33 0.9154948047653306 0.9520833492279053 0.9520833492279053 
34 0.914206960984302 0.9520833492279053 0.9520833492279053 
35 0.902065031004895 0.9541666507720947 0.9541666507720947 
36 0.9005106686381623 0.9541666507720947 0.9541666507720947 
37 0.903137216650066 0.9541666507720947 0.9541666507720947 
38 0.9043802993401187 0.9541666507720947 0.9541666507720947 
39 0.896447761246236 0.9541666507720947 0.9541666507720947 
40 0.903173832630273 0.9541666507720947 0.9541666507720947 
41 0.9069254523492418 0.9541666507720947 0.9541666507720947 
42 0.9093587163370103 0.9541666507720947 0.9541666507720947 
43 0.9101196212286595 0.9541666507720947 0.9541666507720947 
44 0.9028035406081472 0.9541666507720947 0.9541666507720947 
45 0.9067830323474482 0.9541666507720947 0.9541666507720947 
46 0.9157063724705949 0.9541666507720947 0.9541666507720947 
47 0.9139770428300835 0.9541666507720947 0.9541666507720947 
48 0.9073242101876531 0.9541666507720947 0.9541666507720947 
49 0.9164550698769744 0.9541666507720947 0.9541666507720947 
50 0.9117655355948955 0.9541666507720947 0.9541666507720947 
