0 0.4680725021971739 0.925000011920929 0.925000011920929 
1 0.506876619765535 0.925000011920929 0.925000011920929 
2 0.5313720616541104 0.925000011920929 0.925000011920929 
3 0.5676269484465593 0.9333333373069763 0.9333333373069763 
4 0.6367899541219231 0.9333333373069763 0.9333333373069763 
5 0.7274881973862648 0.9395833611488342 0.9395833611488342 
6 0.7676066071217065 0.9395833611488342 0.9395833611488342 
7 0.8026896162082267 0.9395833611488342 0.9395833611488342 
8 0.8267537449683005 0.9395833611488342 0.9395833611488342 
9 0.8342854867769347 0.9395833611488342 0.9395833611488342 
10 0.8326416109266574 0.9416666626930237 0.9416666626930237 
11 0.8482116836057685 0.9416666626930237 0.9416666626930237 
12 0.8609965160576394 0.9416666626930237 0.9416666626930237 
13 0.8598429504709202 0.9416666626930237 0.9416666626930237 
14 0.868951429718436 0.9416666626930237 0.9416666626930237 
15 0.8903035596849804 0.9416666626930237 0.9416666626930237 
16 0.8923441621882375 0.9416666626930237 0.9416666626930237 
17 0.8999450710543897 0.9416666626930237 0.9416666626930237 
18 0.8992797865903412 0.9437500238418579 0.9437500238418579 
19 0.8941324870138487 0.9437500238418579 0.9437500238418579 
20 0.9022928888662136 0.9437500238418579 0.9437500238418579 
21 0.9060668990350678 0.9458333253860474 0.9458333253860474 
22 0.896704113965825 0.9458333253860474 0.9458333253860474 
23 0.8932556309955544 0.9458333253860474 0.9458333253860474 
24 0.8898803857337043 0.9458333253860474 0.9458333253860474 
25 0.8948038883499976 0.9458333253860474 0.9458333253860474 
26 0.896838392061909 0.9458333253860474 0.9458333253860474 
27 0.9086303806325304 0.9458333253860474 0.9458333253860474 
28 0.9050008159538265 0.9458333253860474 0.9458333253860474 
29 0.9078287759075465 0.9458333253860474 0.9458333253860474 
30 0.9113688143479521 0.9458333253860474 0.9458333253860474 
31 0.9078104647996952 0.9458333253860474 0.9458333253860474 
32 0.906339517881861 0.9458333253860474 0.9458333253860474 
33 0.9021972638875013 0.9458333253860474 0.9458333253860474 
34 0.9184224432829069 0.9479166865348816 0.9479166865348816 
35 0.9114766419879743 0.9479166865348816 0.9479166865348816 
36 0.9153788227085897 0.9479166865348816 0.9479166865348816 
37 0.9107279448580812 0.9479166865348816 0.9479166865348816 
38 0.9168558759265579 0.9479166865348816 0.9479166865348816 
39 0.9134236719473847 0.9479166865348816 0.9479166865348816 
40 0.9215128697942419 0.9479166865348816 0.9479166865348816 
41 0.9214843883273716 0.9479166865348816 0.9479166865348816 
42 0.9219909802668553 0.9479166865348816 0.9479166865348816 
43 0.9232035451423144 0.9479166865348816 0.9479166865348816 
44 0.9206970351879136 0.9479166865348816 0.9479166865348816 
45 0.9242248665250372 0.9479166865348816 0.9479166865348816 
46 0.9223266734188655 0.9479166865348816 0.9479166865348816 
47 0.9213602833915502 0.949999988079071 0.949999988079071 
48 0.924267589871306 0.949999988079071 0.949999988079071 
49 0.9211283450022165 0.949999988079071 0.949999988079071 
50 0.9226298010034952 0.9520833492279053 0.9520833492279053 
