0 0.4698974534403533 0.675000011920929 0.675000011920929 
1 0.5069498627417488 0.7749999761581421 0.7749999761581421 
2 0.529461660888046 0.7583333253860474 0.7749999761581421 
3 0.5531392373668496 0.8999999761581421 0.8999999761581421 
4 0.5887674956466071 0.918749988079071 0.918749988079071 
5 0.6309692377835745 0.9208333492279053 0.9208333492279053 
6 0.6721211737458361 0.9291666746139526 0.9291666746139526 
7 0.7308614066860173 0.9312499761581421 0.9312499761581421 
8 0.7817952447076095 0.9395833611488342 0.9395833611488342 
9 0.8060465471571661 0.9395833611488342 0.9395833611488342 
10 0.8345092704694252 0.9395833611488342 0.9395833611488342 
11 0.8429158457001904 0.9395833611488342 0.9395833611488342 
12 0.8509134940250078 0.9395833611488342 0.9395833611488342 
13 0.8672912708098011 0.9395833611488342 0.9395833611488342 
14 0.8722717430500779 0.9395833611488342 0.9395833611488342 
15 0.8569661593573983 0.9395833611488342 0.9395833611488342 
16 0.87455445836531 0.9395833611488342 0.9395833611488342 
17 0.8828491371677956 0.9395833611488342 0.9395833611488342 
18 0.8812194988786359 0.9458333253860474 0.9458333253860474 
19 0.8836568360129604 0.9458333253860474 0.9458333253860474 
20 0.8825887191997026 0.9479166865348816 0.9479166865348816 
21 0.8825907476857537 0.9479166865348816 0.9479166865348816 
22 0.8864176467759535 0.9479166865348816 0.9479166865348816 
23 0.88958740234375 0.949999988079071 0.949999988079071 
24 0.8947998109215405 0.9520833492279053 0.9520833492279053 
25 0.8934550061821938 0.9520833492279053 0.9520833492279053 
26 0.9059122762992047 0.9520833492279053 0.9520833492279053 
27 0.909849039366236 0.9520833492279053 0.9520833492279053 
28 0.9120056172832847 0.9520833492279053 0.9520833492279053 
29 0.9161539804481436 0.9520833492279053 0.9520833492279053 
30 0.9168762319604866 0.9541666507720947 0.9541666507720947 
31 0.9230184037296567 0.9541666507720947 0.9541666507720947 
32 0.9174642040452454 0.9541666507720947 0.9541666507720947 
33 0.9207275491498876 0.9541666507720947 0.9541666507720947 
34 0.9107015064219013 0.956250011920929 0.956250011920929 
35 0.9156697650032584 0.956250011920929 0.956250011920929 
36 0.9130330413463525 0.956250011920929 0.956250011920929 
37 0.9146748825733084 0.9583333134651184 0.9583333134651184 
38 0.9152648885501549 0.9583333134651184 0.9583333134651184 
39 0.9162251798261423 0.9583333134651184 0.9583333134651184 
40 0.9159525604336523 0.9583333134651184 0.9583333134651184 
41 0.9181254123104736 0.9583333134651184 0.9583333134651184 
42 0.9125223826849833 0.9583333134651184 0.9583333134651184 
43 0.9213094069273211 0.9583333134651184 0.9583333134651184 
44 0.9206237733305898 0.9583333134651184 0.9583333134651184 
45 0.9217753009870648 0.9583333134651184 0.9583333134651184 
46 0.9203246979159303 0.9583333134651184 0.9583333134651184 
47 0.9148946032801177 0.9583333134651184 0.9583333134651184 
48 0.9221435458457563 0.9604166746139526 0.9604166746139526 
49 0.9183023989899084 0.9604166746139526 0.9604166746139526 
50 0.9164916907029692 0.9604166746139526 0.9604166746139526 
