0 0.4666544525389327 0.6520833373069763 0.6520833373069763 
1 0.5029947847942822 0.9104166626930237 0.9104166626930237 
2 0.5249898188849329 0.9104166626930237 0.9104166626930237 
3 0.5485961868544109 0.9104166626930237 0.9104166626930237 
4 0.5859069799189456 0.925000011920929 0.925000011920929 
5 0.6231648741741083 0.925000011920929 0.925000011920929 
6 0.6649719211927732 0.9333333373069763 0.9333333373069763 
7 0.71629842013499 0.9333333373069763 0.9333333373069763 
8 0.7516174303818843 0.9354166388511658 0.9354166388511658 
9 0.7671488440682879 0.9375 0.9375 
10 0.801855469471775 0.9375 0.9375 
11 0.8252075149212033 0.9395833611488342 0.9395833611488342 
12 0.8405985424105893 0.9416666626930237 0.9416666626930237 
13 0.870705155095493 0.9416666626930237 0.9416666626930237 
14 0.8799174022569787 0.9416666626930237 0.9416666626930237 
15 0.8846720465808176 0.9416666626930237 0.9416666626930237 
16 0.8889322971954243 0.9416666626930237 0.9416666626930237 
17 0.8871093740599463 0.9437500238418579 0.9437500238418579 
18 0.8877929660593509 0.9437500238418579 0.9437500238418579 
19 0.8798319468041882 0.9437500238418579 0.9437500238418579 
20 0.8904256149253342 0.9437500238418579 0.9437500238418579 
21 0.8923217759293038 0.9437500238418579 0.9437500238418579 
22 0.893953452759888 0.9437500238418579 0.9437500238418579 
23 0.9003967359603848 0.9437500238418579 0.9437500238418579 
24 0.9004577746745781 0.9437500238418579 0.9437500238418579 
25 0.8988606901548337 0.9437500238418579 0.9437500238418579 
26 0.9082092408498283 0.9437500238418579 0.9437500238418579 
27 0.9062520470761228 0.9458333253860474 0.9458333253860474 
28 0.9042765409103595 0.9458333253860474 0.9458333253860474 
29 0.8920227128255647 0.9479166865348816 0.9479166865348816 
30 0.8828084313790896 0.9479166865348816 0.9479166865348816 
31 0.885878496163059 0.9479166865348816 0.9479166865348816 
32 0.8827270480542211 0.9479166865348816 0.9479166865348816 
33 0.8867126477271086 0.949999988079071 0.949999988079071 
34 0.8980163646192523 0.949999988079071 0.949999988079071 
35 0.8924519966676598 0.949999988079071 0.949999988079071 
36 0.8994567987683695 0.949999988079071 0.949999988079071 
37 0.9020141716755461 0.949999988079071 0.949999988079071 
38 0.8963033125182847 0.9520833492279053 0.9520833492279053 
39 0.898093671843526 0.9520833492279053 0.9520833492279053 
40 0.9056193026190158 0.9541666507720947 0.9541666507720947 
41 0.9025166840292513 0.956250011920929 0.956250011920929 
42 0.9029113819997292 0.956250011920929 0.956250011920929 
43 0.9090332078339998 0.956250011920929 0.956250011920929 
44 0.9206848148605786 0.9583333134651184 0.9583333134651184 
45 0.9236063607095275 0.9583333134651184 0.9583333134651184 
46 0.9158833827532362 0.9583333134651184 0.9583333134651184 
47 0.9165303591580596 0.9583333134651184 0.9583333134651184 
48 0.9163981148449238 0.9583333134651184 0.9583333134651184 
49 0.9284098292991985 0.9583333134651184 0.9583333134651184 
50 0.9145955338899512 0.9604166746139526 0.9604166746139526 
