0 0.46913858357584104 0.6812499761581421 0.6812499761581421 
1 0.5043131441925652 0.7104166746139526 0.7104166746139526 
2 0.5287678946042433 0.7479166388511658 0.7479166388511658 
3 0.5518310489569558 0.9041666388511658 0.9041666388511658 
4 0.5814493762445636 0.90625 0.90625 
5 0.614156079798704 0.925000011920929 0.925000011920929 
6 0.6434366800967837 0.925000011920929 0.925000011920929 
7 0.6903625433114939 0.9333333373069763 0.9333333373069763 
8 0.7292500784024014 0.9333333373069763 0.9333333373069763 
9 0.7839925141888671 0.9333333373069763 0.9333333373069763 
10 0.8194335982261691 0.9395833611488342 0.9395833611488342 
11 0.8320902522245888 0.9395833611488342 0.9395833611488342 
12 0.8512512218876509 0.9395833611488342 0.9395833611488342 
13 0.8521565757400822 0.9395833611488342 0.9395833611488342 
14 0.8572509797813836 0.9416666626930237 0.9416666626930237 
15 0.8458475854349672 0.9458333253860474 0.9458333253860474 
16 0.8575927889178274 0.9458333253860474 0.9458333253860474 
17 0.8529764958511805 0.9458333253860474 0.9458333253860474 
18 0.8606994757283246 0.9458333253860474 0.9458333253860474 
19 0.8702087485580705 0.9479166865348816 0.9479166865348816 
20 0.8756652891461272 0.9479166865348816 0.9479166865348816 
21 0.88121135084657 0.949999988079071 0.949999988079071 
22 0.8832153347902931 0.949999988079071 0.949999988079071 
23 0.8905293823918328 0.949999988079071 0.949999988079071 
24 0.8971578053606208 0.949999988079071 0.949999988079071 
25 0.8955179952317849 0.949999988079071 0.949999988079071 
26 0.9073201544379117 0.9520833492279053 0.9520833492279053 
27 0.9164489720133133 0.9520833492279053 0.9520833492279053 
28 0.9176818818668835 0.9520833492279053 0.9520833492279053 
29 0.9161193861655192 0.9520833492279053 0.9520833492279053 
30 0.9189127690333407 0.9520833492279053 0.9520833492279053 
31 0.916151946876198 0.9520833492279053 0.9520833492279053 
32 0.9204488235118333 0.9520833492279053 0.9520833492279053 
33 0.9198832300317008 0.9520833492279053 0.9520833492279053 
34 0.9153361119970214 0.9520833492279053 0.9520833492279053 
35 0.9156209424254484 0.9520833492279053 0.9520833492279053 
36 0.9154886989854276 0.9520833492279053 0.9520833492279053 
37 0.9242289341636933 0.9520833492279053 0.9520833492279053 
38 0.9156046664866153 0.9520833492279053 0.9520833492279053 
39 0.9158711866475642 0.9520833492279053 0.9520833492279053 
40 0.9245870069426019 0.9541666507720947 0.9541666507720947 
41 0.9094156980863772 0.956250011920929 0.956250011920929 
42 0.9082906117546372 0.9583333134651184 0.9583333134651184 
43 0.8943806934403256 0.9583333134651184 0.9583333134651184 
44 0.9038248634024058 0.9583333134651184 0.9583333134651184 
45 0.9092529232148081 0.9583333134651184 0.9583333134651184 
46 0.9191304451378528 0.9583333134651184 0.9583333134651184 
47 0.9351542034710292 0.9583333134651184 0.9583333134651184 
48 0.9340352242579684 0.9583333134651184 0.9583333134651184 
49 0.9281066756229848 0.9604166746139526 0.9604166746139526 
50 0.9268737661186606 0.9604166746139526 0.9604166746139526 
