0 0.4684427824540762 0.8583333492279053 0.8583333492279053 
1 0.506131991132861 0.8583333492279053 0.8583333492279053 
2 0.5267333886149572 0.9354166388511658 0.9354166388511658 
3 0.5535522389691323 0.9395833611488342 0.9395833611488342 
4 0.5876342738956737 0.9395833611488342 0.9395833611488342 
5 0.6608703578240238 0.9395833611488342 0.9395833611488342 
6 0.7274556458360166 0.9395833611488342 0.9395833611488342 
7 0.7913655588854454 0.9395833611488342 0.9395833611488342 
8 0.8183878540148726 0.9395833611488342 0.9395833611488342 
9 0.8340474407741567 0.9395833611488342 0.9395833611488342 
10 0.8486673991865246 0.9395833611488342 0.9395833611488342 
11 0.8503316304049804 0.9395833611488342 0.9395833611488342 
12 0.8691874340693175 0.9395833611488342 0.9395833611488342 
13 0.873382585530635 0.9416666626930237 0.9416666626930237 
14 0.8684265305018926 0.9416666626930237 0.9416666626930237 
15 0.8816976081652683 0.9416666626930237 0.9416666626930237 
16 0.8691935327806277 0.9416666626930237 0.9416666626930237 
17 0.87211710810152 0.9416666626930237 0.9416666626930237 
18 0.8769836397405015 0.9437500238418579 0.9437500238418579 
19 0.8738647446734831 0.9437500238418579 0.9437500238418579 
20 0.8572570830183395 0.9458333253860474 0.9458333253860474 
21 0.8612426865074667 0.9458333253860474 0.9458333253860474 
22 0.8660624315962195 0.9458333253860474 0.9458333253860474 
23 0.8589111441579007 0.9458333253860474 0.9458333253860474 
24 0.8545837499696063 0.9479166865348816 0.9479166865348816 
25 0.8572184294680483 0.9479166865348816 0.9479166865348816 
26 0.82977497995671 0.9479166865348816 0.9479166865348816 
27 0.8407368953266996 0.9479166865348816 0.9479166865348816 
28 0.8678385447856272 0.9479166865348816 0.9479166865348816 
29 0.866294360916072 0.9479166865348816 0.9479166865348816 
30 0.8625508724362589 0.9479166865348816 0.9479166865348816 
31 0.8717793891264591 0.9479166865348816 0.9479166865348816 
32 0.8690104265479022 0.9479166865348816 0.9479166865348816 
33 0.8673868917830987 0.9479166865348816 0.9479166865348816 
34 0.8744364520316594 0.9479166865348816 0.9479166865348816 
35 0.8672587179025868 0.9479166865348816 0.9479166865348816 
36 0.8762003695737803 0.9479166865348816 0.9479166865348816 
37 0.8694132593591348 0.9479166865348816 0.9479166865348816 
38 0.8776896272029262 0.9479166865348816 0.9479166865348816 
39 0.8739766555518145 0.949999988079071 0.949999988079071 
40 0.8833760693742079 0.949999988079071 0.949999988079071 
41 0.8787068797901156 0.9520833492279053 0.9520833492279053 
42 0.8890726832250948 0.9520833492279053 0.9520833492279053 
43 0.8778076256712666 0.9520833492279053 0.9520833492279053 
44 0.8843180382609717 0.9520833492279053 0.9520833492279053 
45 0.8833313017312321 0.9520833492279053 0.9520833492279053 
46 0.8773600322456332 0.9520833492279053 0.9520833492279053 
47 0.8826192302876734 0.9520833492279053 0.9520833492279053 
48 0.8901855564399739 0.9520833492279053 0.9520833492279053 
49 0.8853230883178185 0.9520833492279053 0.9520833492279053 
50 0.8955485127225984 0.9541666507720947 0.9541666507720947 
