0 0.4685302656289423 0.6395833492279053 0.6395833492279053 
1 0.5067769290908473 0.71875 0.71875 
2 0.5275085369939916 0.9354166388511658 0.9354166388511658 
3 0.5525736466515809 0.9375 0.9375 
4 0.5895100907073356 0.9375 0.9375 
5 0.6393371576850768 0.9395833611488342 0.9395833611488342 
6 0.7018615677588969 0.9395833611488342 0.9395833611488342 
7 0.7497945082432125 0.9395833611488342 0.9395833611488342 
8 0.7582112555173808 0.9395833611488342 0.9395833611488342 
9 0.7548848440492293 0.9395833611488342 0.9395833611488342 
10 0.7817464228101016 0.9395833611488342 0.9395833611488342 
11 0.7899047936552961 0.9395833611488342 0.9395833611488342 
12 0.7902526957404916 0.9395833611488342 0.9395833611488342 
13 0.8059794227447128 0.9395833611488342 0.9395833611488342 
14 0.8150716271411511 0.9416666626930237 0.9416666626930237 
15 0.8120035931424354 0.9416666626930237 0.9416666626930237 
16 0.8303466932520678 0.9416666626930237 0.9416666626930237 
17 0.8531128055037698 0.9416666626930237 0.9416666626930237 
18 0.877172858283302 0.9416666626930237 0.9416666626930237 
19 0.908740235172445 0.9416666626930237 0.9416666626930237 
20 0.913448079227237 0.9416666626930237 0.9416666626930237 
21 0.9158304852899164 0.9416666626930237 0.9416666626930237 
22 0.9114807134610601 0.9416666626930237 0.9416666626930237 
23 0.9111328129729372 0.9416666626930237 0.9416666626930237 
24 0.9180684415005089 0.9437500238418579 0.9437500238418579 
25 0.9078125008818461 0.9437500238418579 0.9437500238418579 
26 0.9021423371959827 0.9437500238418579 0.9437500238418579 
27 0.9021830333440448 0.9437500238418579 0.9437500238418579 
28 0.89494020192069 0.9458333253860474 0.9458333253860474 
29 0.8964986316568684 0.9458333253860474 0.9458333253860474 
30 0.8960856276680715 0.9458333253860474 0.9458333253860474 
31 0.9000488430101541 0.9479166865348816 0.9479166865348816 
32 0.9043355425819755 0.9479166865348816 0.9479166865348816 
33 0.915124517690856 0.9479166865348816 0.9479166865348816 
34 0.9124328630132368 0.9479166865348816 0.9479166865348816 
35 0.9158406611750252 0.9479166865348816 0.9479166865348816 
36 0.9090047295903787 0.9479166865348816 0.9479166865348816 
37 0.9207540005008923 0.9479166865348816 0.9479166865348816 
38 0.9169474415721197 0.9479166865348816 0.9479166865348816 
39 0.9194051232552738 0.9479166865348816 0.9479166865348816 
40 0.9179443492539576 0.9479166865348816 0.9479166865348816 
41 0.9210693484383228 0.9479166865348816 0.9479166865348816 
42 0.9127258425942273 0.9479166865348816 0.9479166865348816 
43 0.9103658163039654 0.9479166865348816 0.9479166865348816 
44 0.9170450976234861 0.9479166865348816 0.9479166865348816 
45 0.9144775522472628 0.9479166865348816 0.9479166865348816 
46 0.9129496380919591 0.9479166865348816 0.9479166865348816 
47 0.9152526986290468 0.9479166865348816 0.9479166865348816 
48 0.9153116991219576 0.9479166865348816 0.9479166865348816 
49 0.9176330696463992 0.949999988079071 0.949999988079071 
50 0.9114237598478212 0.949999988079071 0.949999988079071 
