0 0.46802570833824575 0.6833333373069763 0.6833333373069763 
1 0.5068094819871476 0.918749988079071 0.918749988079071 
2 0.5336385006085038 0.925000011920929 0.925000011920929 
3 0.559960935061099 0.925000011920929 0.925000011920929 
4 0.6018758127465844 0.925000011920929 0.925000011920929 
5 0.6654785139253363 0.9270833134651184 0.9270833134651184 
6 0.7306905105069745 0.9333333373069763 0.9333333373069763 
7 0.7697062173683662 0.9354166388511658 0.9354166388511658 
8 0.8043945311583229 0.9395833611488342 0.9395833611488342 
9 0.8095052041680901 0.9395833611488342 0.9395833611488342 
10 0.8260192816669587 0.9395833611488342 0.9395833611488342 
11 0.8521952280061669 0.9416666626930237 0.9416666626930237 
12 0.8427022398755071 0.9416666626930237 0.9416666626930237 
13 0.8589904941763962 0.9416666626930237 0.9416666626930237 
14 0.8462341460181051 0.9416666626930237 0.9416666626930237 
15 0.8495056313768146 0.9416666626930237 0.9416666626930237 
16 0.8557678386532643 0.9416666626930237 0.9416666626930237 
17 0.8612467611019383 0.9437500238418579 0.9437500238418579 
18 0.8573221987244324 0.9437500238418579 0.9437500238418579 
19 0.8529622506284795 0.9437500238418579 0.9437500238418579 
20 0.8573140521948517 0.9437500238418579 0.9437500238418579 
21 0.8556701682609855 0.9437500238418579 0.9437500238418579 
22 0.8564839747305086 0.9437500238418579 0.9437500238418579 
23 0.8612589631411538 0.9437500238418579 0.9437500238418579 
24 0.8632426075346302 0.9437500238418579 0.9437500238418579 
25 0.8597452933827299 0.9458333253860474 0.9458333253860474 
26 0.8744873182295123 0.9437500238418579 0.9458333253860474 
27 0.8806071106700983 0.9437500238418579 0.9458333253860474 
28 0.8666687157419801 0.9437500238418579 0.9458333253860474 
29 0.8768147924311052 0.9437500238418579 0.9458333253860474 
30 0.8842163240915397 0.9437500238418579 0.9458333253860474 
31 0.8752380513979006 0.9437500238418579 0.9458333253860474 
32 0.8822530269571871 0.9437500238418579 0.9458333253860474 
33 0.8826863763169968 0.9437500238418579 0.9458333253860474 
34 0.8883016109029995 0.9437500238418579 0.9458333253860474 
35 0.8896036953701696 0.9437500238418579 0.9458333253860474 
36 0.8825968585842929 0.9437500238418579 0.9458333253860474 
37 0.8889099281150266 0.9437500238418579 0.9458333253860474 
38 0.8808838049226324 0.9458333253860474 0.9458333253860474 
39 0.8916178553627105 0.9458333253860474 0.9458333253860474 
40 0.8845255686464952 0.9458333253860474 0.9458333253860474 
41 0.8764933403290343 0.9458333253860474 0.9458333253860474 
42 0.8899434478553303 0.9458333253860474 0.9458333253860474 
43 0.8841613749791577 0.9458333253860474 0.9458333253860474 
44 0.8833394333341857 0.9458333253860474 0.9458333253860474 
45 0.8928812622179976 0.9458333253860474 0.9458333253860474 
46 0.8881184859055793 0.9458333253860474 0.9458333253860474 
47 0.8885904905037023 0.9479166865348816 0.9479166865348816 
48 0.8950195280340267 0.9479166865348816 0.9479166865348816 
49 0.8832071939687012 0.9479166865348816 0.9479166865348816 
50 0.8853495329676662 0.9479166865348816 0.9479166865348816 
