0 0.4707906012481544 0.6812499761581421 0.6812499761581421 
1 0.5065592377213761 0.793749988079071 0.793749988079071 
2 0.5249572675675154 0.9229166507720947 0.9229166507720947 
3 0.5465433719218709 0.9229166507720947 0.9229166507720947 
4 0.5860229461395647 0.9270833134651184 0.9270833134651184 
5 0.640983067554771 0.9333333373069763 0.9333333373069763 
6 0.7064819288352737 0.9354166388511658 0.9354166388511658 
7 0.7792114186813706 0.9354166388511658 0.9354166388511658 
8 0.7870381632383214 0.9354166388511658 0.9354166388511658 
9 0.8121012344054179 0.9395833611488342 0.9395833611488342 
10 0.8255025154940085 0.9395833611488342 0.9395833611488342 
11 0.85100706803496 0.9395833611488342 0.9395833611488342 
12 0.8360188795195427 0.9416666626930237 0.9416666626930237 
13 0.8362528603465762 0.9416666626930237 0.9416666626930237 
14 0.8541829589230474 0.9416666626930237 0.9416666626930237 
15 0.8511108553648228 0.9416666626930237 0.9416666626930237 
16 0.8543029914144427 0.9437500238418579 0.9437500238418579 
17 0.878236906719394 0.9437500238418579 0.9437500238418579 
18 0.887579346774146 0.9437500238418579 0.9437500238418579 
19 0.9021260622830596 0.9458333253860474 0.9458333253860474 
20 0.9030192165810149 0.9458333253860474 0.9458333253860474 
21 0.9012817475304473 0.9458333253860474 0.9458333253860474 
22 0.9018452995806001 0.9458333253860474 0.9458333253860474 
23 0.9061136845266446 0.9458333253860474 0.9458333253860474 
24 0.9045186318980996 0.9479166865348816 0.9479166865348816 
25 0.9040873161284253 0.9479166865348816 0.9479166865348816 
26 0.912284339137841 0.9479166865348816 0.9479166865348816 
27 0.9137756311683916 0.9479166865348816 0.9479166865348816 
28 0.9121663384285057 0.9479166865348816 0.9479166865348816 
29 0.9122904475370888 0.9479166865348816 0.9479166865348816 
30 0.915702318539843 0.9479166865348816 0.9479166865348816 
31 0.9191182546201162 0.9479166865348816 0.9479166865348816 
32 0.9213378999265842 0.9479166865348816 0.9479166865348816 
33 0.9083618249860592 0.9479166865348816 0.9479166865348816 
34 0.9183247977343854 0.9479166865348816 0.9479166865348816 
35 0.9159078058146406 0.9479166865348816 0.9479166865348816 
36 0.9202453712350689 0.9479166865348816 0.9479166865348816 
37 0.9192504978564102 0.9479166865348816 0.9479166865348816 
38 0.9167622982640751 0.949999988079071 0.949999988079071 
39 0.9237487887439784 0.949999988079071 0.949999988079071 
40 0.9179707923030946 0.949999988079071 0.949999988079071 
41 0.9149882053025067 0.9520833492279053 0.9520833492279053 
42 0.9083516428945586 0.9541666507720947 0.9541666507720947 
43 0.9141235319839325 0.956250011920929 0.956250011920929 
44 0.9133260071102995 0.956250011920929 0.956250011920929 
45 0.9228841155127157 0.956250011920929 0.956250011920929 
46 0.9232238749973476 0.956250011920929 0.956250011920929 
47 0.9258097289130092 0.9604166746139526 0.9604166746139526 
48 0.9297770205012057 0.9604166746139526 0.9604166746139526 
49 0.9373372449481394 0.9604166746139526 0.9604166746139526 
50 0.9290079794009216 0.9604166746139526 0.9604166746139526 
