0 0.46886188980715815 0.6541666388511658 0.6541666388511658 
1 0.5072855541366152 0.7395833134651184 0.7395833134651184 
2 0.5270711162302177 0.9041666388511658 0.9041666388511658 
3 0.5571960380184464 0.918749988079071 0.918749988079071 
4 0.6083109480096027 0.925000011920929 0.925000011920929 
5 0.6568990000232588 0.925000011920929 0.925000011920929 
6 0.7372843303601258 0.925000011920929 0.925000011920929 
7 0.7842264692517347 0.9333333373069763 0.9333333373069763 
8 0.7805684354825644 0.9354166388511658 0.9354166388511658 
9 0.8011881481143064 0.9354166388511658 0.9354166388511658 
10 0.8127075172815239 0.9395833611488342 0.9395833611488342 
11 0.824088536814088 0.9395833611488342 0.9395833611488342 
12 0.8279317187989363 0.9416666626930237 0.9416666626930237 
13 0.8376790375477867 0.9416666626930237 0.9416666626930237 
14 0.8410461519015371 0.9416666626930237 0.9416666626930237 
15 0.8614990355017653 0.9437500238418579 0.9437500238418579 
16 0.8611389261423028 0.9437500238418579 0.9437500238418579 
17 0.8652648979696096 0.9437500238418579 0.9437500238418579 
18 0.869630944878736 0.9437500238418579 0.9437500238418579 
19 0.8632141205380321 0.9437500238418579 0.9437500238418579 
20 0.8741821403964423 0.9437500238418579 0.9437500238418579 
21 0.8868713520059828 0.9437500238418579 0.9437500238418579 
22 0.8674886194930878 0.9458333253860474 0.9458333253860474 
23 0.8699686816435133 0.9458333253860474 0.9458333253860474 
24 0.8740580363810295 0.9458333253860474 0.9458333253860474 
25 0.8773051041353028 0.9458333253860474 0.9458333253860474 
26 0.8941935231268872 0.9479166865348816 0.9479166865348816 
27 0.8926696739363251 0.9479166865348816 0.9479166865348816 
28 0.9030436181856203 0.9479166865348816 0.9479166865348816 
29 0.8905110697232885 0.949999988079071 0.949999988079071 
30 0.8966715591741377 0.949999988079071 0.949999988079071 
31 0.8887125764631492 0.949999988079071 0.949999988079071 
32 0.8947326768611674 0.949999988079071 0.949999988079071 
33 0.8888956781265733 0.949999988079071 0.949999988079071 
34 0.8940022788738133 0.9520833492279053 0.9520833492279053 
35 0.8960632264715969 0.9520833492279053 0.9520833492279053 
36 0.8956298765660904 0.9520833492279053 0.9520833492279053 
37 0.8894571896598791 0.9520833492279053 0.9520833492279053 
38 0.9034891786723165 0.9520833492279053 0.9520833492279053 
39 0.9021443783931318 0.9520833492279053 0.9520833492279053 
40 0.9041219183745852 0.9520833492279053 0.9520833492279053 
41 0.9029520781768952 0.9520833492279053 0.9520833492279053 
42 0.9065246687678155 0.9520833492279053 0.9520833492279053 
43 0.897941091148823 0.9520833492279053 0.9520833492279053 
44 0.9055175886169309 0.9520833492279053 0.9520833492279053 
45 0.9073181256680982 0.9520833492279053 0.9520833492279053 
46 0.9022827254011645 0.9520833492279053 0.9520833492279053 
47 0.9013346467472729 0.9520833492279053 0.9520833492279053 
48 0.9039550890665851 0.9520833492279053 0.9520833492279053 
49 0.8944193627830828 0.9520833492279053 0.9520833492279053 
50 0.8995117292070063 0.9520833492279053 0.9520833492279053 
