0 0.4710937427007593 0.9229166507720947 0.9229166507720947 
1 0.5097106861067005 0.9229166507720947 0.9229166507720947 
2 0.5327392491308274 0.9229166507720947 0.9229166507720947 
3 0.5798767041269457 0.9229166507720947 0.9229166507720947 
4 0.6509785927482881 0.9333333373069763 0.9333333373069763 
5 0.7379923408152536 0.9333333373069763 0.9333333373069763 
6 0.7830484936130233 0.9354166388511658 0.9354166388511658 
7 0.8082824674347648 0.9375 0.9375 
8 0.8351318329077912 0.9375 0.9375 
9 0.8429138124774909 0.9395833611488342 0.9395833611488342 
10 0.8605183822510298 0.9395833611488342 0.9395833611488342 
11 0.8694030683254823 0.9395833611488342 0.9395833611488342 
12 0.8590413421625271 0.9395833611488342 0.9395833611488342 
13 0.8589599711995106 0.9395833611488342 0.9395833611488342 
14 0.8755391599843279 0.9416666626930237 0.9416666626930237 
15 0.8641784835781436 0.9416666626930237 0.9416666626930237 
16 0.8698506829168764 0.9416666626930237 0.9416666626930237 
17 0.8756103615341999 0.9416666626930237 0.9416666626930237 
18 0.8743286135213566 0.9416666626930237 0.9416666626930237 
19 0.8709635394479847 0.9437500238418579 0.9437500238418579 
20 0.8664367659439449 0.9437500238418579 0.9437500238418579 
21 0.8650472012232058 0.9437500238418579 0.9437500238418579 
22 0.8845560765621485 0.9458333253860474 0.9458333253860474 
23 0.8937052522815065 0.9458333253860474 0.9458333253860474 
24 0.8887471617854317 0.9458333253860474 0.9458333253860474 
25 0.8928385487379273 0.9479166865348816 0.9479166865348816 
26 0.8962849948002258 0.9479166865348816 0.9479166865348816 
27 0.8954467775547528 0.9479166865348816 0.9479166865348816 
28 0.8996297217527172 0.9479166865348816 0.9479166865348816 
29 0.8841491760540521 0.9479166865348816 0.9479166865348816 
30 0.8810791108480771 0.9479166865348816 0.9479166865348816 
31 0.8977600209109369 0.949999988079071 0.949999988079071 
32 0.8961181746344664 0.949999988079071 0.949999988079071 
33 0.8985087175969966 0.949999988079071 0.949999988079071 
34 0.8892639229015913 0.949999988079071 0.949999988079071 
35 0.8842447929637274 0.949999988079071 0.949999988079071 
36 0.8783101380759035 0.949999988079071 0.949999988079071 
37 0.878535967793141 0.949999988079071 0.949999988079071 
38 0.8804402637470048 0.949999988079071 0.949999988079071 
39 0.8771850548000657 0.949999988079071 0.949999988079071 
40 0.8726033499042387 0.949999988079071 0.949999988079071 
41 0.8736734989506658 0.949999988079071 0.949999988079071 
42 0.8727193150552921 0.949999988079071 0.949999988079071 
43 0.8762613892104127 0.949999988079071 0.949999988079071 
44 0.8873209593366482 0.949999988079071 0.949999988079071 
45 0.8835957806149963 0.949999988079071 0.949999988079071 
46 0.8835978149363655 0.949999988079071 0.949999988079071 
47 0.8854532842233311 0.949999988079071 0.949999988079071 
48 0.8931111615529517 0.949999988079071 0.949999988079071 
49 0.8810831670707557 0.949999988079071 0.949999988079071 
50 0.8895894332163152 0.949999988079071 0.949999988079071 
