0 0.46743570221588016 0.65625 0.65625 
1 0.5062744061578996 0.7437499761581421 0.7437499761581421 
2 0.5355488996428903 0.8020833134651184 0.8020833134651184 
3 0.5696085561794462 0.8604166507720947 0.8604166507720947 
4 0.6107950822042767 0.9104166626930237 0.9104166626930237 
5 0.6590108202362899 0.9395833611488342 0.9395833611488342 
6 0.712082923098933 0.9395833611488342 0.9395833611488342 
7 0.7429219522273343 0.9395833611488342 0.9395833611488342 
8 0.7758789046420134 0.9395833611488342 0.9395833611488342 
9 0.8149515796758351 0.9395833611488342 0.9395833611488342 
10 0.8294657443620963 0.9395833611488342 0.9395833611488342 
11 0.8411519460132695 0.9395833611488342 0.9395833611488342 
12 0.8414917100853927 0.9416666626930237 0.9416666626930237 
13 0.8643351372011239 0.9416666626930237 0.9416666626930237 
14 0.8604329562585917 0.9416666626930237 0.9416666626930237 
15 0.8637695444049314 0.9437500238418579 0.9437500238418579 
16 0.8713175584052806 0.9437500238418579 0.9437500238418579 
17 0.8622029697216931 0.9437500238418579 0.9437500238418579 
18 0.8619913754810113 0.9437500238418579 0.9437500238418579 
19 0.8639668807772978 0.9437500238418579 0.9437500238418579 
20 0.8572998125418962 0.9458333253860474 0.9458333253860474 
21 0.8630961202215985 0.9458333253860474 0.9458333253860474 
22 0.8698588160550571 0.9458333253860474 0.9458333253860474 
23 0.8777343846304575 0.9458333253860474 0.9458333253860474 
24 0.8742635129019618 0.9479166865348816 0.9479166865348816 
25 0.8689961714517267 0.9479166865348816 0.9479166865348816 
26 0.8742940219017328 0.9479166865348816 0.9479166865348816 
27 0.872819006210193 0.949999988079071 0.949999988079071 
28 0.8803324353721109 0.949999988079071 0.949999988079071 
29 0.8754170750326011 0.949999988079071 0.949999988079071 
30 0.8919799847863032 0.949999988079071 0.949999988079071 
31 0.8976684601220768 0.949999988079071 0.949999988079071 
32 0.900958250858821 0.949999988079071 0.949999988079071 
33 0.9035318972310051 0.949999988079071 0.949999988079071 
34 0.8996337850403506 0.949999988079071 0.949999988079071 
35 0.9012613887280168 0.949999988079071 0.949999988079071 
36 0.9027384397923015 0.949999988079071 0.949999988079071 
37 0.9065856884990353 0.949999988079071 0.949999988079071 
38 0.9033854122644698 0.949999988079071 0.949999988079071 
39 0.8984374945648597 0.949999988079071 0.949999988079071 
40 0.9079711857229995 0.9520833492279053 0.9520833492279053 
41 0.903358963161736 0.9520833492279053 0.9520833492279053 
42 0.9082458449556725 0.9520833492279053 0.9520833492279053 
43 0.9091328893518948 0.9520833492279053 0.9520833492279053 
44 0.9067057272877719 0.9520833492279053 0.9520833492279053 
45 0.9129028349707369 0.9520833492279053 0.9520833492279053 
46 0.9135925375740044 0.9520833492279053 0.9520833492279053 
47 0.9089274176003528 0.9520833492279053 0.9520833492279053 
48 0.911169442373648 0.9520833492279053 0.9520833492279053 
49 0.9129231859697029 0.9520833492279053 0.9520833492279053 
50 0.9115234466735274 0.9520833492279053 0.9520833492279053 
