0 0.4686482670949772 0.6229166388511658 0.6229166388511658 
1 0.505100497888634 0.643750011920929 0.643750011920929 
2 0.5287088936020155 0.6979166865348816 0.6979166865348816 
3 0.553393549809698 0.737500011920929 0.737500011920929 
4 0.5916687013232149 0.925000011920929 0.925000011920929 
5 0.619529215618968 0.925000011920929 0.925000011920929 
6 0.6491617813007906 0.925000011920929 0.925000011920929 
7 0.6715759264989174 0.9270833134651184 0.9270833134651184 
8 0.7183308910316555 0.9354166388511658 0.9354166388511658 
9 0.7643290191990673 0.9354166388511658 0.9354166388511658 
10 0.7840270980013884 0.9395833611488342 0.9395833611488342 
11 0.8249552363195107 0.9395833611488342 0.9395833611488342 
12 0.8031799244163267 0.9395833611488342 0.9395833611488342 
13 0.836551915264863 0.9416666626930237 0.9416666626930237 
14 0.8385030172721599 0.9416666626930237 0.9416666626930237 
15 0.8484334420827508 0.9437500238418579 0.9437500238418579 
16 0.8550944112139405 0.9437500238418579 0.9437500238418579 
17 0.8650695854703372 0.9458333253860474 0.9458333253860474 
18 0.8818969759740867 0.9458333253860474 0.9458333253860474 
19 0.8860636465542484 0.9458333253860474 0.9458333253860474 
20 0.88903605932137 0.9458333253860474 0.9458333253860474 
21 0.8965271054476034 0.9458333253860474 0.9458333253860474 
22 0.9116333014389966 0.9458333253860474 0.9458333253860474 
23 0.9091715469839983 0.9458333253860474 0.9458333253860474 
24 0.9096699999354314 0.9458333253860474 0.9458333253860474 
25 0.9139099090534728 0.9458333253860474 0.9458333253860474 
26 0.915380856313277 0.9479166865348816 0.9479166865348816 
27 0.9167073552962393 0.9479166865348816 0.9479166865348816 
28 0.911802166941925 0.9479166865348816 0.9479166865348816 
29 0.9156758708195412 0.9520833492279053 0.9520833492279053 
30 0.9066772571823094 0.9520833492279053 0.9520833492279053 
31 0.9165486744532245 0.9520833492279053 0.9520833492279053 
32 0.9044921936001629 0.956250011920929 0.956250011920929 
33 0.9062703513918677 0.956250011920929 0.956250011920929 
34 0.9176066165236989 0.956250011920929 0.956250011920929 
35 0.9186849046236603 0.956250011920929 0.956250011920929 
36 0.9077351958985673 0.956250011920929 0.956250011920929 
37 0.9109720905398717 0.956250011920929 0.956250011920929 
38 0.9071085648902226 0.956250011920929 0.956250011920929 
39 0.9084981323612737 0.956250011920929 0.956250011920929 
40 0.8979899131227285 0.956250011920929 0.956250011920929 
41 0.901894128852291 0.956250011920929 0.956250011920929 
42 0.9092102106078528 0.956250011920929 0.956250011920929 
43 0.9019816130457912 0.956250011920929 0.956250011920929 
44 0.9046875044950866 0.956250011920929 0.956250011920929 
45 0.9058960017282516 0.956250011920929 0.956250011920929 
46 0.9144592341617681 0.956250011920929 0.956250011920929 
47 0.9101867732533719 0.956250011920929 0.956250011920929 
48 0.906058761611348 0.956250011920929 0.956250011920929 
49 0.912510178721277 0.956250011920929 0.956250011920929 
50 0.9027710011869203 0.956250011920929 0.956250011920929 
