0 0.46711018154746853 0.6520833373069763 0.6520833373069763 
1 0.5055826751340646 0.6770833134651184 0.6770833134651184 
2 0.5284749259590171 0.9020833373069763 0.9020833373069763 
3 0.5481343539504451 0.9229166507720947 0.9229166507720947 
4 0.5822998022777028 0.9229166507720947 0.9229166507720947 
5 0.6426595040902612 0.9354166388511658 0.9354166388511658 
6 0.6929443329499918 0.9354166388511658 0.9354166388511658 
7 0.7458475696330424 0.9395833611488342 0.9395833611488342 
8 0.7833170517842518 0.9395833611488342 0.9395833611488342 
9 0.8316650305569055 0.9395833611488342 0.9395833611488342 
10 0.8617614770337241 0.9416666626930237 0.9416666626930237 
11 0.8551330702539417 0.9416666626930237 0.9416666626930237 
12 0.864097101475636 0.9416666626930237 0.9416666626930237 
13 0.882082129115588 0.9416666626930237 0.9416666626930237 
14 0.8734843045895104 0.9416666626930237 0.9416666626930237 
15 0.8873779324239877 0.9416666626930237 0.9416666626930237 
16 0.8902018231528928 0.9416666626930237 0.9416666626930237 
17 0.8873779283094336 0.9437500238418579 0.9437500238418579 
18 0.885361733919126 0.9437500238418579 0.9437500238418579 
19 0.8905395490073715 0.9437500238418579 0.9437500238418579 
20 0.8877197263718699 0.9437500238418579 0.9437500238418579 
21 0.8675109901378164 0.9437500238418579 0.9437500238418579 
22 0.8566528433148051 0.9437500238418579 0.9437500238418579 
23 0.8592448060080642 0.9437500238418579 0.9437500238418579 
24 0.854785171111871 0.9437500238418579 0.9437500238418579 
25 0.8564860166989092 0.9437500238418579 0.9437500238418579 
26 0.8564677077847591 0.9437500238418579 0.9437500238418579 
27 0.8645182440995995 0.9437500238418579 0.9437500238418579 
28 0.8633463702244626 0.9437500238418579 0.9437500238418579 
29 0.8590596666108468 0.9437500238418579 0.9437500238418579 
30 0.8686421874081134 0.9437500238418579 0.9437500238418579 
31 0.8641764475396485 0.9437500238418579 0.9437500238418579 
32 0.8562133946761605 0.9479166865348816 0.9479166865348816 
33 0.8640909969872155 0.9479166865348816 0.9479166865348816 
34 0.881357838621625 0.9479166865348816 0.9479166865348816 
35 0.9027018337801564 0.9479166865348816 0.9479166865348816 
36 0.9037577421113383 0.949999988079071 0.949999988079071 
37 0.9124064249335788 0.949999988079071 0.949999988079071 
38 0.9122395949088968 0.949999988079071 0.949999988079071 
39 0.9109395439663786 0.949999988079071 0.949999988079071 
40 0.9087504089111462 0.949999988079071 0.949999988079071 
41 0.9200764943961985 0.949999988079071 0.949999988079071 
42 0.9197753873013426 0.949999988079071 0.949999988079071 
43 0.9189229286566842 0.949999988079071 0.949999988079071 
44 0.9169169064844027 0.949999988079071 0.949999988079071 
45 0.9169230118277483 0.949999988079071 0.949999988079071 
46 0.9195231072953902 0.949999988079071 0.949999988079071 
47 0.9156331344565842 0.949999988079071 0.949999988079071 
48 0.916756180813536 0.949999988079071 0.949999988079071 
49 0.9187764442467596 0.949999988079071 0.949999988079071 
50 0.9149719194101635 0.949999988079071 0.949999988079071 
