0 0.4677042569819605 0.6333333253860474 0.6333333253860474 
1 0.5022114990279078 0.6708333492279053 0.6708333492279053 
2 0.5232238656099071 0.9083333611488342 0.9083333611488342 
3 0.5408976153412368 0.9083333611488342 0.9083333611488342 
4 0.5681498152116546 0.9104166626930237 0.9104166626930237 
5 0.5991536404835642 0.925000011920929 0.925000011920929 
6 0.6311177538300399 0.9291666746139526 0.9291666746139526 
7 0.6778137205037638 0.9291666746139526 0.9291666746139526 
8 0.7323018407259951 0.9291666746139526 0.9291666746139526 
9 0.7533406585935154 0.9395833611488342 0.9395833611488342 
10 0.7743977878781152 0.9395833611488342 0.9395833611488342 
11 0.8018798836565111 0.9395833611488342 0.9395833611488342 
12 0.803778076558956 0.9416666626930237 0.9416666626930237 
13 0.843259691613639 0.9416666626930237 0.9416666626930237 
14 0.8707417991463444 0.9416666626930237 0.9416666626930237 
15 0.8706095559500682 0.9437500238418579 0.9437500238418579 
16 0.871063248559949 0.9437500238418579 0.9437500238418579 
17 0.8840494898322504 0.9437500238418579 0.9437500238418579 
18 0.896671558766684 0.9437500238418579 0.9437500238418579 
19 0.900695815376821 0.9437500238418579 0.9437500238418579 
20 0.890100111355423 0.9437500238418579 0.9437500238418579 
21 0.8918477526749484 0.9437500238418579 0.9437500238418579 
22 0.898506688332418 0.9479166865348816 0.9479166865348816 
23 0.900724298953719 0.9479166865348816 0.9479166865348816 
24 0.8899536252065445 0.9479166865348816 0.9479166865348816 
25 0.891764331208833 0.9479166865348816 0.9479166865348816 
26 0.8877889100222092 0.949999988079071 0.949999988079071 
27 0.8825500590028241 0.949999988079071 0.949999988079071 
28 0.8789510180904472 0.949999988079071 0.949999988079071 
29 0.8712605827313382 0.949999988079071 0.949999988079071 
30 0.8821919724068721 0.949999988079071 0.949999988079071 
31 0.8804931578342803 0.949999988079071 0.949999988079071 
32 0.8865112240891904 0.949999988079071 0.949999988079071 
33 0.8882710700563621 0.9541666507720947 0.9541666507720947 
34 0.8888102135024383 0.9541666507720947 0.9541666507720947 
35 0.8958882592414739 0.956250011920929 0.956250011920929 
36 0.8916300411510747 0.956250011920929 0.956250011920929 
37 0.8965454073913861 0.956250011920929 0.956250011920929 
38 0.9001749626186211 0.956250011920929 0.956250011920929 
39 0.9016296380141284 0.956250011920929 0.956250011920929 
40 0.9048584029369522 0.956250011920929 0.956250011920929 
41 0.9033711813972332 0.956250011920929 0.956250011920929 
42 0.9108439194387756 0.9583333134651184 0.9583333134651184 
43 0.9054077209730167 0.9583333134651184 0.9583333134651184 
44 0.9018452999880537 0.9583333134651184 0.9583333134651184 
45 0.9079671237268485 0.9583333134651184 0.9583333134651184 
46 0.902872714883415 0.9583333134651184 0.9583333134651184 
47 0.9049479046661872 0.9583333134651184 0.9583333134651184 
48 0.9063781609002035 0.9583333134651184 0.9583333134651184 
49 0.9060587441781536 0.9583333134651184 0.9583333134651184 
50 0.9098368198319804 0.9583333134651184 0.9583333134651184 
