0 0.46854857594007626 0.8208333253860474 0.8208333253860474 
1 0.5043721435795305 0.824999988079071 0.824999988079071 
2 0.5208292538591195 0.9229166507720947 0.9229166507720947 
3 0.539135733510193 0.9229166507720947 0.9229166507720947 
4 0.5703653915625182 0.9333333373069763 0.9333333373069763 
5 0.6202880809869384 0.9395833611488342 0.9395833611488342 
6 0.692118321392627 0.9395833611488342 0.9395833611488342 
7 0.749367264288594 0.9395833611488342 0.9395833611488342 
8 0.7882568319910206 0.9395833611488342 0.9395833611488342 
9 0.8080546043638606 0.9416666626930237 0.9416666626930237 
10 0.8285786999222182 0.9416666626930237 0.9416666626930237 
11 0.8355875746055972 0.9416666626930237 0.9416666626930237 
12 0.8282633573362546 0.9416666626930237 0.9416666626930237 
13 0.8419372685602866 0.9416666626930237 0.9416666626930237 
14 0.8536682267367723 0.9416666626930237 0.9416666626930237 
15 0.8507202264408988 0.9416666626930237 0.9416666626930237 
16 0.8712768645818869 0.9437500238418579 0.9437500238418579 
17 0.8829142295835481 0.9437500238418579 0.9437500238418579 
18 0.8789143902540673 0.9437500238418579 0.9437500238418579 
19 0.8846354193519801 0.9437500238418579 0.9437500238418579 
20 0.8959126865011058 0.9458333253860474 0.9458333253860474 
21 0.8987345502791868 0.9458333253860474 0.9458333253860474 
22 0.8984354783315212 0.9479166865348816 0.9479166865348816 
23 0.9071024684199074 0.9479166865348816 0.9479166865348816 
24 0.9005432173726149 0.9479166865348816 0.9479166865348816 
25 0.9000874844059581 0.949999988079071 0.949999988079071 
26 0.9036560071799613 0.949999988079071 0.949999988079071 
27 0.8975891149966628 0.949999988079071 0.949999988079071 
28 0.9054443422937766 0.949999988079071 0.949999988079071 
29 0.9117207874187443 0.949999988079071 0.949999988079071 
30 0.9037902791242232 0.949999988079071 0.949999988079071 
31 0.9074462835123995 0.949999988079071 0.949999988079071 
32 0.9189066524304508 0.9520833492279053 0.9520833492279053 
33 0.9155822698849079 0.9520833492279053 0.9520833492279053 
34 0.9065185491745069 0.9520833492279053 0.9520833492279053 
35 0.9151082318094268 0.9520833492279053 0.9520833492279053 
36 0.9133402495644987 0.9520833492279053 0.9520833492279053 
37 0.9075663294679543 0.9520833492279053 0.9520833492279053 
38 0.9106526765972376 0.9520833492279053 0.9520833492279053 
39 0.9002563534959336 0.9520833492279053 0.9520833492279053 
40 0.91527914130711 0.9541666507720947 0.9541666507720947 
41 0.8996765198389767 0.9541666507720947 0.9541666507720947 
42 0.9151631709828507 0.9541666507720947 0.9541666507720947 
43 0.9138325972890016 0.9541666507720947 0.9541666507720947 
44 0.9178670161345508 0.9541666507720947 0.9541666507720947 
45 0.9226074123580474 0.9541666507720947 0.9541666507720947 
46 0.9200235906755552 0.9541666507720947 0.9541666507720947 
47 0.9226908273412846 0.9541666507720947 0.9541666507720947 
48 0.9220174057409167 0.9541666507720947 0.9541666507720947 
49 0.9246948145737406 0.9541666507720947 0.9541666507720947 
50 0.924361155484803 0.9541666507720947 0.9541666507720947 
