0 0.46954141510650516 0.6583333611488342 0.6583333611488342 
1 0.5081197024264839 0.7020833492279053 0.7020833492279053 
2 0.5234598701354116 0.9229166507720947 0.9229166507720947 
3 0.5404011989594437 0.9229166507720947 0.9229166507720947 
4 0.5756123835162725 0.9291666746139526 0.9291666746139526 
5 0.6358886690140935 0.9291666746139526 0.9291666746139526 
6 0.7165445926802931 0.9333333373069763 0.9333333373069763 
7 0.782041415135609 0.9375 0.9375 
8 0.8018290112231625 0.9395833611488342 0.9395833611488342 
9 0.8277770942804636 0.9416666626930237 0.9416666626930237 
10 0.8344502722466132 0.9416666626930237 0.9416666626930237 
11 0.8280415801273193 0.9416666626930237 0.9416666626930237 
12 0.8426920578167483 0.9416666626930237 0.9416666626930237 
13 0.8418192618119065 0.9416666626930237 0.9416666626930237 
14 0.8377950134927232 0.9416666626930237 0.9416666626930237 
15 0.839591477313661 0.9416666626930237 0.9416666626930237 
16 0.8427286780060967 0.9416666626930237 0.9416666626930237 
17 0.8410074826679192 0.9416666626930237 0.9416666626930237 
18 0.845843501152558 0.9437500238418579 0.9437500238418579 
19 0.8580688436923083 0.9437500238418579 0.9437500238418579 
20 0.8424011200077075 0.9437500238418579 0.9437500238418579 
21 0.8462585432062042 0.9437500238418579 0.9437500238418579 
22 0.868721520742838 0.9437500238418579 0.9437500238418579 
23 0.8685099381400505 0.9458333253860474 0.9458333253860474 
24 0.8741231401836558 0.9458333253860474 0.9458333253860474 
25 0.8775065221925615 0.9458333253860474 0.9458333253860474 
26 0.8728719180944609 0.9458333253860474 0.9458333253860474 
27 0.8671508861007169 0.9458333253860474 0.9458333253860474 
28 0.8842163139743207 0.9458333253860474 0.9458333253860474 
29 0.8887349478318356 0.9458333253860474 0.9458333253860474 
30 0.8947306327681872 0.9458333253860474 0.9458333253860474 
31 0.9000081390513515 0.9458333253860474 0.9458333253860474 
32 0.8899292001442518 0.9458333253860474 0.9458333253860474 
33 0.8918741878005676 0.9458333253860474 0.9458333253860474 
34 0.8894388838671148 0.9458333253860474 0.9458333253860474 
35 0.8844563802922494 0.9458333253860474 0.9458333253860474 
36 0.8916829429799691 0.9458333253860474 0.9458333253860474 
37 0.8910949701021309 0.9479166865348816 0.9479166865348816 
38 0.8897257490243646 0.9479166865348816 0.9479166865348816 
39 0.9019755077060836 0.949999988079071 0.949999988079071 
40 0.9118367612827569 0.949999988079071 0.949999988079071 
41 0.9171468229324091 0.949999988079071 0.949999988079071 
42 0.9115987246041186 0.949999988079071 0.949999988079071 
43 0.910312910709763 0.949999988079071 0.949999988079071 
44 0.9244038847100455 0.949999988079071 0.949999988079071 
45 0.9208516372891609 0.949999988079071 0.949999988079071 
46 0.9156555102090351 0.949999988079071 0.949999988079071 
47 0.9201802503957879 0.949999988079071 0.949999988079071 
48 0.9188028911012225 0.949999988079071 0.949999988079071 
49 0.9222127217799425 0.949999988079071 0.949999988079071 
50 0.9161458265734836 0.949999988079071 0.949999988079071 
