0 0.46840819562930847 0.6479166746139526 0.6479166746139526 
1 0.5055135014408734 0.6479166746139526 0.6479166746139526 
2 0.5231485905387672 0.6541666388511658 0.6541666388511658 
3 0.5402303017544909 0.7583333253860474 0.7583333253860474 
4 0.56870930979494 0.9125000238418579 0.9125000238418579 
5 0.6058898929913994 0.9145833253860474 0.9145833253860474 
6 0.6552103687499766 0.9145833253860474 0.9145833253860474 
7 0.6999593080690829 0.9166666865348816 0.9166666865348816 
8 0.7213195783042465 0.9375 0.9375 
9 0.746545409943792 0.9375 0.9375 
10 0.7515604651416652 0.9395833611488342 0.9395833611488342 
11 0.7517028792281053 0.9395833611488342 0.9395833611488342 
12 0.7672058095340617 0.9395833611488342 0.9395833611488342 
13 0.7967671718870406 0.9395833611488342 0.9395833611488342 
14 0.7971110085236432 0.9395833611488342 0.9395833611488342 
15 0.8244852827556315 0.9416666626930237 0.9416666626930237 
16 0.8295898567703262 0.9416666626930237 0.9416666626930237 
17 0.8181335578883591 0.9416666626930237 0.9416666626930237 
18 0.8495666648996121 0.9416666626930237 0.9416666626930237 
19 0.8372395933911321 0.9416666626930237 0.9416666626930237 
20 0.8618082726607099 0.9437500238418579 0.9437500238418579 
21 0.8668701160349883 0.9437500238418579 0.9437500238418579 
22 0.8688395164790563 0.9437500238418579 0.9437500238418579 
23 0.8651774076279253 0.9458333253860474 0.9458333253860474 
24 0.8658955909486394 0.9458333253860474 0.9458333253860474 
25 0.860292566321732 0.9458333253860474 0.9458333253860474 
26 0.8524231025658082 0.9458333253860474 0.9458333253860474 
27 0.856349695546669 0.9479166865348816 0.9479166865348816 
28 0.8605855328642065 0.9479166865348816 0.9479166865348816 
29 0.8585611968592275 0.9479166865348816 0.9479166865348816 
30 0.8574869769799989 0.9479166865348816 0.9479166865348816 
31 0.8587504045572132 0.9479166865348816 0.9479166865348816 
32 0.8776224780958728 0.9479166865348816 0.9479166865348816 
33 0.882263190113008 0.9479166865348816 0.9479166865348816 
34 0.8851033633327461 0.949999988079071 0.949999988079071 
35 0.8786458430477069 0.949999988079071 0.949999988079071 
36 0.8781941827182891 0.9541666507720947 0.9541666507720947 
37 0.8868082766130101 0.9541666507720947 0.9541666507720947 
38 0.8878947000848711 0.9541666507720947 0.9541666507720947 
39 0.886857096789754 0.9541666507720947 0.9541666507720947 
40 0.8998738574737217 0.9541666507720947 0.9541666507720947 
41 0.9040751103748335 0.9541666507720947 0.9541666507720947 
42 0.9069498637982178 0.9541666507720947 0.9541666507720947 
43 0.9147379479254596 0.9541666507720947 0.9541666507720947 
44 0.9124633712344803 0.9541666507720947 0.9541666507720947 
45 0.9138549722265452 0.9541666507720947 0.9541666507720947 
46 0.9173258375667501 0.9541666507720947 0.9541666507720947 
47 0.9116536372748669 0.9541666507720947 0.9541666507720947 
48 0.916772452997975 0.9541666507720947 0.9541666507720947 
49 0.9161987216502894 0.9541666507720947 0.9541666507720947 
50 0.9186462319630664 0.9541666507720947 0.9541666507720947 
