0 0.4697306241141632 0.6020833253860474 0.6020833253860474 
1 0.5049865651817527 0.7395833134651184 0.7395833134651184 
2 0.5270589072606526 0.768750011920929 0.768750011920929 
3 0.5399088450649288 0.925000011920929 0.925000011920929 
4 0.5661295542449807 0.925000011920929 0.925000011920929 
5 0.6002807603581459 0.925000011920929 0.925000011920929 
6 0.6528238914033864 0.9333333373069763 0.9333333373069763 
7 0.7367513022982166 0.9333333373069763 0.9333333373069763 
8 0.8102620498393662 0.9395833611488342 0.9395833611488342 
9 0.8400634818535764 0.9395833611488342 0.9395833611488342 
10 0.8487955752934795 0.9395833611488342 0.9395833611488342 
11 0.8649861691519618 0.9395833611488342 0.9395833611488342 
12 0.8713908018253278 0.9395833611488342 0.9395833611488342 
13 0.8897461125452537 0.9395833611488342 0.9395833611488342 
14 0.885087094764458 0.9416666626930237 0.9416666626930237 
15 0.8907837105216458 0.9437500238418579 0.9437500238418579 
16 0.8915954778640298 0.9437500238418579 0.9437500238418579 
17 0.8795878254531999 0.9437500238418579 0.9437500238418579 
18 0.8700032675988041 0.9458333253860474 0.9458333253860474 
19 0.8661438105627894 0.9458333253860474 0.9458333253860474 
20 0.8710876570548862 0.9479166865348816 0.9479166865348816 
21 0.8593180390053021 0.9479166865348816 0.9479166865348816 
22 0.8695515936196898 0.9479166865348816 0.9479166865348816 
23 0.8743977831763914 0.9479166865348816 0.9479166865348816 
24 0.8784138977607654 0.9479166865348816 0.9479166865348816 
25 0.8749064156290842 0.9479166865348816 0.9479166865348816 
26 0.8811604914480995 0.949999988079071 0.949999988079071 
27 0.8838724884481053 0.949999988079071 0.949999988079071 
28 0.8845255648702732 0.949999988079071 0.949999988079071 
29 0.887902843500342 0.949999988079071 0.949999988079071 
30 0.8907775991829112 0.949999988079071 0.949999988079071 
31 0.8947184359058156 0.949999988079071 0.949999988079071 
32 0.8915405379084405 0.949999988079071 0.949999988079071 
33 0.8946024660872354 0.949999988079071 0.949999988079071 
34 0.9035074903840723 0.949999988079071 0.949999988079071 
35 0.9050903304560052 0.949999988079071 0.949999988079071 
36 0.90860391962633 0.9520833492279053 0.9520833492279053 
37 0.9181376108099357 0.9520833492279053 0.9520833492279053 
38 0.9050577755224367 0.9520833492279053 0.9520833492279053 
39 0.9058776805832167 0.9520833492279053 0.9520833492279053 
40 0.9031656843217206 0.9520833492279053 0.9520833492279053 
41 0.9089172319145291 0.9520833492279053 0.9520833492279053 
42 0.9024902309938625 0.9520833492279053 0.9520833492279053 
43 0.8988484709516342 0.9520833492279053 0.9520833492279053 
44 0.9019043015432544 0.9520833492279053 0.9520833492279053 
45 0.9068969796353485 0.9520833492279053 0.9520833492279053 
46 0.9087504138951772 0.9520833492279053 0.9520833492279053 
47 0.9090942455732147 0.9520833492279053 0.9520833492279053 
48 0.8995971752956393 0.9520833492279053 0.9520833492279053 
49 0.9048116129124537 0.9520833492279053 0.9520833492279053 
50 0.911157233902486 0.9520833492279053 0.9520833492279053 
