0 0.47004597180057317 0.6291666626930237 0.6291666626930237 
1 0.5087442953663412 0.6499999761581421 0.6499999761581421 
2 0.5233133864385309 0.90625 0.90625 
3 0.5470113078481518 0.7104166746139526 0.90625 
4 0.5772847481130157 0.90625 0.90625 
5 0.6107442224747501 0.9229166507720947 0.9229166507720947 
6 0.6287414553080453 0.925000011920929 0.925000011920929 
7 0.6659281418687897 0.9270833134651184 0.9270833134651184 
8 0.6927632639781223 0.9333333373069763 0.9333333373069763 
9 0.7463277194619877 0.9395833611488342 0.9395833611488342 
10 0.7833313013979932 0.9395833611488342 0.9395833611488342 
11 0.7794738764205249 0.9395833611488342 0.9395833611488342 
12 0.8026245130240568 0.9416666626930237 0.9416666626930237 
13 0.8072021551670332 0.9416666626930237 0.9416666626930237 
14 0.8321268802865234 0.9416666626930237 0.9416666626930237 
15 0.8400797631256864 0.9416666626930237 0.9416666626930237 
16 0.8551452733663609 0.9416666626930237 0.9416666626930237 
17 0.8811991432012292 0.9416666626930237 0.9416666626930237 
18 0.9004720074881334 0.9437500238418579 0.9437500238418579 
19 0.9138651540888532 0.9437500238418579 0.9437500238418579 
20 0.9059712734670029 0.9437500238418579 0.9437500238418579 
21 0.9062540713057388 0.9458333253860474 0.9458333253860474 
22 0.8970621824446425 0.9458333253860474 0.9458333253860474 
23 0.881500257710286 0.9458333253860474 0.9458333253860474 
24 0.9005086395227409 0.9458333253860474 0.9458333253860474 
25 0.9059956973942462 0.9479166865348816 0.9479166865348816 
26 0.9108133975532837 0.9479166865348816 0.9479166865348816 
27 0.9133056636055699 0.9479166865348816 0.9479166865348816 
28 0.9157185864860367 0.9479166865348816 0.9479166865348816 
29 0.9122639982015244 0.9479166865348816 0.9479166865348816 
30 0.9172973680688301 0.949999988079071 0.949999988079071 
31 0.9141927181844949 0.9479166865348816 0.949999988079071 
32 0.9179830034227052 0.949999988079071 0.949999988079071 
33 0.9137125762208598 0.949999988079071 0.949999988079071 
34 0.9143798927398166 0.949999988079071 0.949999988079071 
35 0.9195658455428202 0.9520833492279053 0.9520833492279053 
36 0.915281171695824 0.9541666507720947 0.9541666507720947 
37 0.9125834111473523 0.9541666507720947 0.9541666507720947 
38 0.9118713333227788 0.9541666507720947 0.9541666507720947 
39 0.9149149512522854 0.9541666507720947 0.9541666507720947 
40 0.9195047944376711 0.9541666507720947 0.9541666507720947 
41 0.9219726480077952 0.9541666507720947 0.9541666507720947 
42 0.9183227446919773 0.9541666507720947 0.9541666507720947 
43 0.9214457107773342 0.9541666507720947 0.9541666507720947 
44 0.9149841207254212 0.9541666507720947 0.9541666507720947 
45 0.9107442140521016 0.9541666507720947 0.9541666507720947 
46 0.919864899944514 0.9541666507720947 0.9541666507720947 
47 0.9147298082243651 0.9541666507720947 0.9541666507720947 
48 0.9117370516760275 0.9541666507720947 0.9541666507720947 
49 0.9260497971554287 0.9541666507720947 0.9541666507720947 
50 0.9174824944057036 0.9541666507720947 0.9541666507720947 
