0 0.4665527268371079 0.606249988079071 0.606249988079071 
1 0.5021870845957892 0.71875 0.71875 
2 0.5223225815861952 0.8041666746139526 0.8041666746139526 
3 0.5461059516528621 0.9083333611488342 0.9083333611488342 
4 0.5767598448655917 0.9104166626930237 0.9104166626930237 
5 0.6283467598259449 0.9125000238418579 0.9125000238418579 
6 0.6971944169490598 0.9312499761581421 0.9312499761581421 
7 0.7564900721845333 0.9312499761581421 0.9312499761581421 
8 0.782391361091868 0.9354166388511658 0.9354166388511658 
9 0.7776346854952862 0.9375 0.9375 
10 0.7926167796977097 0.9375 0.9375 
11 0.828580725370557 0.9395833611488342 0.9395833611488342 
12 0.8432311975266202 0.9395833611488342 0.9395833611488342 
13 0.845424398969044 0.9416666626930237 0.9416666626930237 
14 0.8598571880356758 0.9395833611488342 0.9416666626930237 
15 0.8651102857693331 0.9416666626930237 0.9416666626930237 
16 0.8652710117748939 0.9437500238418579 0.9437500238418579 
17 0.8679321441450156 0.9437500238418579 0.9437500238418579 
18 0.8803588968585245 0.9437500238418579 0.9437500238418579 
19 0.8879394554533064 0.9437500238418579 0.9437500238418579 
20 0.8935465535323601 0.9437500238418579 0.9437500238418579 
21 0.9061320101609454 0.9437500238418579 0.9437500238418579 
22 0.899072280008113 0.9437500238418579 0.9437500238418579 
23 0.910764581640251 0.9437500238418579 0.9437500238418579 
24 0.9046875146159437 0.9437500238418579 0.9437500238418579 
25 0.9145874182868283 0.9437500238418579 0.9437500238418579 
26 0.9116801101481542 0.9437500238418579 0.9437500238418579 
27 0.910656754305819 0.9437500238418579 0.9437500238418579 
28 0.9150044921843801 0.9437500238418579 0.9437500238418579 
29 0.9106119961361401 0.9437500238418579 0.9437500238418579 
30 0.912357600958785 0.9479166865348816 0.9479166865348816 
31 0.9085571452669683 0.9479166865348816 0.9479166865348816 
32 0.9081644844845869 0.9479166865348816 0.9479166865348816 
33 0.8987609989853809 0.9479166865348816 0.9479166865348816 
34 0.8928650023881346 0.949999988079071 0.949999988079071 
35 0.8883443311497103 0.949999988079071 0.949999988079071 
36 0.8924072388908826 0.949999988079071 0.949999988079071 
37 0.8907409776584245 0.949999988079071 0.949999988079071 
38 0.8889790969551541 0.949999988079071 0.949999988079071 
39 0.8956909266125876 0.949999988079071 0.949999988079071 
40 0.8881734234164469 0.949999988079071 0.949999988079071 
41 0.8953450502012856 0.949999988079071 0.949999988079071 
42 0.8974385543260723 0.949999988079071 0.949999988079071 
43 0.9000427205464803 0.949999988079071 0.949999988079071 
44 0.8974283813149668 0.949999988079071 0.949999988079071 
45 0.8980448362999596 0.949999988079071 0.949999988079071 
46 0.8898742628516629 0.949999988079071 0.949999988079071 
47 0.9014729784976225 0.949999988079071 0.949999988079071 
48 0.9116861935945053 0.949999988079071 0.949999988079071 
49 0.9030354770948179 0.949999988079071 0.949999988079071 
50 0.9080830843304284 0.949999988079071 0.949999988079071 
