0 0.467852775407664 0.8999999761581421 0.8999999761581421 
1 0.5008504148718202 0.9020833373069763 0.9020833373069763 
2 0.5234252820082474 0.925000011920929 0.925000011920929 
3 0.5604837962455349 0.9270833134651184 0.9270833134651184 
4 0.6309265077579767 0.9312499761581421 0.9312499761581421 
5 0.7441996178458794 0.9354166388511658 0.9354166388511658 
6 0.7614827418074128 0.9375 0.9375 
7 0.7723612443878665 0.9375 0.9375 
8 0.8000630635215202 0.9416666626930237 0.9416666626930237 
9 0.8240865005427622 0.9416666626930237 0.9416666626930237 
10 0.8400431267436943 0.9437500238418579 0.9437500238418579 
11 0.8484191920870217 0.9437500238418579 0.9437500238418579 
12 0.8647094830594142 0.9437500238418579 0.9437500238418579 
13 0.8662292557346518 0.9437500238418579 0.9437500238418579 
14 0.8595418311961112 0.9437500238418579 0.9437500238418579 
15 0.8732279482064769 0.9458333253860474 0.9458333253860474 
16 0.8830749602784635 0.9458333253860474 0.9458333253860474 
17 0.8853576785404584 0.9458333253860474 0.9458333253860474 
18 0.8821411254320992 0.9458333253860474 0.9458333253860474 
19 0.8857483018437051 0.9458333253860474 0.9458333253860474 
20 0.8802164763765177 0.9458333253860474 0.9458333253860474 
21 0.8832987449204666 0.9479166865348816 0.9479166865348816 
22 0.8726928666219465 0.9479166865348816 0.9479166865348816 
23 0.8841857865700149 0.9479166865348816 0.9479166865348816 
24 0.8866536441928474 0.9479166865348816 0.9479166865348816 
25 0.9109415756829549 0.9479166865348816 0.9479166865348816 
26 0.9135660928150173 0.9479166865348816 0.9479166865348816 
27 0.9253499478800222 0.9479166865348816 0.9479166865348816 
28 0.914107271732064 0.9479166865348816 0.9479166865348816 
29 0.9171346154762432 0.9479166865348816 0.9479166865348816 
30 0.9173502727062441 0.9479166865348816 0.9479166865348816 
31 0.9166910933272447 0.9479166865348816 0.9479166865348816 
32 0.9146484500815859 0.949999988079071 0.949999988079071 
33 0.9155680464173201 0.949999988079071 0.949999988079071 
34 0.9160502222075593 0.949999988079071 0.949999988079071 
35 0.9109171627787873 0.9520833492279053 0.9520833492279053 
36 0.908782958478696 0.9541666507720947 0.9541666507720947 
37 0.9086608845682349 0.9541666507720947 0.9541666507720947 
38 0.9164001411299978 0.9541666507720947 0.9541666507720947 
39 0.9142659447388723 0.9541666507720947 0.9541666507720947 
40 0.9218444738944527 0.9541666507720947 0.9541666507720947 
41 0.9095825103358948 0.9541666507720947 0.9541666507720947 
42 0.9160054431995377 0.9541666507720947 0.9541666507720947 
43 0.9202901109238155 0.9541666507720947 0.9541666507720947 
44 0.9220255444233771 0.9541666507720947 0.9541666507720947 
45 0.9263692129170522 0.9541666507720947 0.9541666507720947 
46 0.9254455473856069 0.9541666507720947 0.9541666507720947 
47 0.9185343332355842 0.9541666507720947 0.9541666507720947 
48 0.9164062404597644 0.9541666507720947 0.9541666507720947 
49 0.91575723348069 0.9541666507720947 0.9541666507720947 
50 0.9215128482610453 0.9541666507720947 0.9541666507720947 
