0 0.46782225818606094 0.6479166746139526 0.6479166746139526 
1 0.5049662188393995 0.9208333492279053 0.9208333492279053 
2 0.5209696365345735 0.9208333492279053 0.9208333492279053 
3 0.5468546513875481 0.9208333492279053 0.9208333492279053 
4 0.5780354815942701 0.9312499761581421 0.9312499761581421 
5 0.6315795886766864 0.9333333373069763 0.9333333373069763 
6 0.7106384272265132 0.9333333373069763 0.9333333373069763 
7 0.762662762812397 0.9375 0.9375 
8 0.7826782244446804 0.9416666626930237 0.9416666626930237 
9 0.7932779926049989 0.9416666626930237 0.9416666626930237 
10 0.8054158497216122 0.9416666626930237 0.9416666626930237 
11 0.8124816867275513 0.9416666626930237 0.9416666626930237 
12 0.8268473295138392 0.9416666626930237 0.9416666626930237 
13 0.8332438147772336 0.9437500238418579 0.9437500238418579 
14 0.8269226045413234 0.9437500238418579 0.9437500238418579 
15 0.8472391726099886 0.9437500238418579 0.9437500238418579 
16 0.8565124476517667 0.9437500238418579 0.9437500238418579 
17 0.855167641013395 0.9437500238418579 0.9437500238418579 
18 0.8492167161421094 0.9437500238418579 0.9437500238418579 
19 0.8573588128201663 0.9437500238418579 0.9437500238418579 
20 0.8641093059814011 0.9437500238418579 0.9437500238418579 
21 0.8690755337593146 0.9437500238418579 0.9437500238418579 
22 0.8769917941499443 0.9437500238418579 0.9437500238418579 
23 0.8714904926455347 0.9437500238418579 0.9437500238418579 
24 0.8708313137976802 0.9437500238418579 0.9437500238418579 
25 0.8744751119047578 0.9458333253860474 0.9458333253860474 
26 0.8762268210120965 0.9458333253860474 0.9458333253860474 
27 0.8761474740749691 0.9458333253860474 0.9458333253860474 
28 0.8706461723268148 0.9458333253860474 0.9458333253860474 
29 0.8768554780253908 0.9458333253860474 0.9458333253860474 
30 0.873740643641213 0.9458333253860474 0.9458333253860474 
31 0.876336666799034 0.9479166865348816 0.9479166865348816 
32 0.8828165653685573 0.9479166865348816 0.9479166865348816 
33 0.8779663040331798 0.9479166865348816 0.9479166865348816 
34 0.8800984658882953 0.9479166865348816 0.9479166865348816 
35 0.8868367477698484 0.9479166865348816 0.9479166865348816 
36 0.883262122515589 0.9479166865348816 0.9479166865348816 
37 0.875140379415825 0.949999988079071 0.949999988079071 
38 0.8755574564420385 0.949999988079071 0.949999988079071 
39 0.8894816097308649 0.9520833492279053 0.9520833492279053 
40 0.9046020455389225 0.9520833492279053 0.9520833492279053 
41 0.9100321380901732 0.9520833492279053 0.9520833492279053 
42 0.8984293555040495 0.9520833492279053 0.9520833492279053 
43 0.9048278774716891 0.9520833492279053 0.9520833492279053 
44 0.8989196815382456 0.9541666507720947 0.9541666507720947 
45 0.9111877546201868 0.9541666507720947 0.9541666507720947 
46 0.9054382422182243 0.9541666507720947 0.9541666507720947 
47 0.9067667722702026 0.9541666507720947 0.9541666507720947 
48 0.9135518411640078 0.9541666507720947 0.9541666507720947 
49 0.916306551604066 0.9583333134651184 0.9583333134651184 
50 0.9131652736214164 0.9583333134651184 0.9583333134651184 
