0 0.469366447563516 0.7479166388511658 0.7479166388511658 
1 0.5065592376195127 0.7479166388511658 0.7479166388511658 
2 0.5243143640545895 0.7479166388511658 0.7479166388511658 
3 0.5461608866753522 0.9041666388511658 0.9041666388511658 
4 0.5815348308824468 0.925000011920929 0.925000011920929 
5 0.6219095853011822 0.925000011920929 0.925000011920929 
6 0.6811279285466298 0.9333333373069763 0.9333333373069763 
7 0.7229858396676718 0.9333333373069763 0.9333333373069763 
8 0.7777079262014013 0.9395833611488342 0.9395833611488342 
9 0.7781717948964797 0.9395833611488342 0.9395833611488342 
10 0.8011291517468635 0.9395833611488342 0.9395833611488342 
11 0.8152791342581622 0.9395833611488342 0.9395833611488342 
12 0.818221031637222 0.9395833611488342 0.9395833611488342 
13 0.8188781824646867 0.9395833611488342 0.9395833611488342 
14 0.8234354772575898 0.9416666626930237 0.9416666626930237 
15 0.8433736301667523 0.9416666626930237 0.9416666626930237 
16 0.8269388968328713 0.9416666626930237 0.9416666626930237 
17 0.842279067117488 0.9437500238418579 0.9437500238418579 
18 0.8381876753155666 0.9437500238418579 0.9437500238418579 
19 0.8468912823154824 0.9437500238418579 0.9437500238418579 
20 0.848935951180465 0.9437500238418579 0.9437500238418579 
21 0.8507405566051602 0.9437500238418579 0.9437500238418579 
22 0.8541707340191351 0.9437500238418579 0.9437500238418579 
23 0.8605997760896571 0.9437500238418579 0.9437500238418579 
24 0.8618143829226028 0.9437500238418579 0.9437500238418579 
25 0.859277357449173 0.9437500238418579 0.9437500238418579 
26 0.8552063125825953 0.9458333253860474 0.9458333253860474 
27 0.8633992646209663 0.9458333253860474 0.9458333253860474 
28 0.8674825136986328 0.9479166865348816 0.9479166865348816 
29 0.8830566452816129 0.9479166865348816 0.9479166865348816 
30 0.8924418103124481 0.9479166865348816 0.9479166865348816 
31 0.8902018192457035 0.9479166865348816 0.9479166865348816 
32 0.8970764176920056 0.9479166865348816 0.9479166865348816 
33 0.886621102632489 0.9479166865348816 0.9479166865348816 
34 0.8905721151968464 0.9479166865348816 0.9479166865348816 
35 0.8889343396876939 0.9479166865348816 0.9479166865348816 
36 0.891090914432425 0.9479166865348816 0.9479166865348816 
37 0.88954672505497 0.9479166865348816 0.9479166865348816 
38 0.8827168907155283 0.9479166865348816 0.9479166865348816 
39 0.8993733861279907 0.9479166865348816 0.9479166865348816 
40 0.8878560517332517 0.9479166865348816 0.9479166865348816 
41 0.8939636369177606 0.9479166865348816 0.9479166865348816 
42 0.8933105605683522 0.9479166865348816 0.9479166865348816 
43 0.8983235818013782 0.9479166865348816 0.9479166865348816 
44 0.8954081361589488 0.9479166865348816 0.9479166865348816 
45 0.9047790666809306 0.949999988079071 0.949999988079071 
46 0.8987081021768972 0.949999988079071 0.949999988079071 
47 0.899977629451314 0.949999988079071 0.949999988079071 
48 0.9038146972015966 0.949999988079071 0.949999988079071 
49 0.8979960055730771 0.949999988079071 0.949999988079071 
50 0.898079419566784 0.949999988079071 0.949999988079071 
