0 0.4672851491777692 0.6395833492279053 0.6395833492279053 
1 0.5038452080334537 0.925000011920929 0.925000011920929 
2 0.5300537012517452 0.925000011920929 0.925000011920929 
3 0.5519470163853839 0.9333333373069763 0.9333333373069763 
4 0.5842366508150008 0.9395833611488342 0.9395833611488342 
5 0.6555725085490849 0.9395833611488342 0.9395833611488342 
6 0.7243774403177667 0.9395833611488342 0.9395833611488342 
7 0.7911621087405365 0.9395833611488342 0.9395833611488342 
8 0.8042968719673809 0.9395833611488342 0.9395833611488342 
9 0.8192687978444155 0.9395833611488342 0.9395833611488342 
10 0.8385945736372378 0.9416666626930237 0.9416666626930237 
11 0.8526489404612221 0.9416666626930237 0.9416666626930237 
12 0.8428934883850161 0.9416666626930237 0.9416666626930237 
13 0.860266127390787 0.9416666626930237 0.9416666626930237 
14 0.8515706507314462 0.9437500238418579 0.9437500238418579 
15 0.8596232186100679 0.9437500238418579 0.9437500238418579 
16 0.8651123071904294 0.9437500238418579 0.9437500238418579 
17 0.8749837239156477 0.9458333253860474 0.9458333253860474 
18 0.890378826909 0.9458333253860474 0.9458333253860474 
19 0.8834086168499198 0.9458333253860474 0.9458333253860474 
20 0.9004252211889252 0.9458333253860474 0.9458333253860474 
21 0.9069498736644164 0.9458333253860474 0.9458333253860474 
22 0.9085591606271919 0.9458333253860474 0.9458333253860474 
23 0.9104654904513154 0.9458333253860474 0.9458333253860474 
24 0.9134928340208717 0.9479166865348816 0.9479166865348816 
25 0.9123840289539658 0.9479166865348816 0.9479166865348816 
26 0.9169962522864807 0.9479166865348816 0.9479166865348816 
27 0.9089640276506543 0.9479166865348816 0.9479166865348816 
28 0.917663575761253 0.9479166865348816 0.9479166865348816 
29 0.9191345291037578 0.9479166865348816 0.9479166865348816 
30 0.9139546811638866 0.9479166865348816 0.9479166865348816 
31 0.9280375269881915 0.9479166865348816 0.9479166865348816 
32 0.9209879656846169 0.9479166865348816 0.9479166865348816 
33 0.914591480686795 0.9479166865348816 0.9479166865348816 
34 0.9233439226809423 0.9479166865348816 0.9479166865348816 
35 0.9170898532611318 0.9479166865348816 0.9479166865348816 
36 0.9188110452669207 0.9479166865348816 0.9479166865348816 
37 0.9214762474875897 0.949999988079071 0.949999988079071 
38 0.9209635518491268 0.949999988079071 0.949999988079071 
39 0.920361337804934 0.949999988079071 0.949999988079071 
40 0.9222920825122856 0.949999988079071 0.949999988079071 
41 0.9215535561670549 0.9520833492279053 0.9520833492279053 
42 0.9141337105247658 0.9520833492279053 0.9520833492279053 
43 0.8997965471062344 0.9541666507720947 0.9541666507720947 
44 0.9106608039001003 0.9541666507720947 0.9541666507720947 
45 0.8997802723024506 0.9541666507720947 0.9541666507720947 
46 0.904679363273317 0.956250011920929 0.956250011920929 
47 0.905169681966072 0.9583333134651184 0.9583333134651184 
48 0.9233561196015216 0.956250011920929 0.9583333134651184 
49 0.9254089344467502 0.9583333134651184 0.9583333134651184 
50 0.9255513552343473 0.9604166746139526 0.9604166746139526 
