0 0.46957803558325395 0.706250011920929 0.706250011920929 
1 0.5082173583214171 0.7229166626930237 0.7229166626930237 
2 0.5346109934762353 0.8187500238418579 0.8187500238418579 
3 0.5714619913924253 0.9291666746139526 0.9291666746139526 
4 0.6177408822695725 0.9291666746139526 0.9291666746139526 
5 0.6567464168911101 0.9333333373069763 0.9333333373069763 
6 0.702508542650321 0.9333333373069763 0.9333333373069763 
7 0.7461242618737742 0.9354166388511658 0.9354166388511658 
8 0.7795288009292562 0.9354166388511658 0.9354166388511658 
9 0.8033080993627664 0.9375 0.9375 
10 0.8198933864332503 0.9375 0.9375 
11 0.8337788797944086 0.9375 0.9375 
12 0.8440022628637962 0.9395833611488342 0.9395833611488342 
13 0.8466084668689291 0.9395833611488342 0.9395833611488342 
14 0.8534830661665183 0.9416666626930237 0.9416666626930237 
15 0.859090170415584 0.9416666626930237 0.9416666626930237 
16 0.8655131102132145 0.9416666626930237 0.9416666626930237 
17 0.8712870308918355 0.9416666626930237 0.9416666626930237 
18 0.8837219201668631 0.9437500238418579 0.9437500238418579 
19 0.8759582476013748 0.9437500238418579 0.9437500238418579 
20 0.8868733685812913 0.9437500238418579 0.9437500238418579 
21 0.8793029755179305 0.9437500238418579 0.9437500238418579 
22 0.8754435244190972 0.9437500238418579 0.9437500238418579 
23 0.8836141058418434 0.9437500238418579 0.9437500238418579 
24 0.8856974418085883 0.9458333253860474 0.9458333253860474 
25 0.8867289358749986 0.9479166865348816 0.9479166865348816 
26 0.8856954061629949 0.9458333253860474 0.9479166865348816 
27 0.8802937898653909 0.9479166865348816 0.9479166865348816 
28 0.8829732258745935 0.9479166865348816 0.9479166865348816 
29 0.8876139299827628 0.9479166865348816 0.9479166865348816 
30 0.8847493462817511 0.9479166865348816 0.9479166865348816 
31 0.8792887392046396 0.9479166865348816 0.9479166865348816 
32 0.8796346106028068 0.9479166865348816 0.9479166865348816 
33 0.8891215114927036 0.9479166865348816 0.9479166865348816 
34 0.8859456488789874 0.9479166865348816 0.9479166865348816 
35 0.8909769806923578 0.9479166865348816 0.9479166865348816 
36 0.8877970489193103 0.9479166865348816 0.9479166865348816 
37 0.893896495559602 0.9479166865348816 0.9479166865348816 
38 0.886863211846503 0.9479166865348816 0.9479166865348816 
39 0.885426850800286 0.9479166865348816 0.9479166865348816 
40 0.9006083295753342 0.9479166865348816 0.9479166865348816 
41 0.8968160124204587 0.9479166865348816 0.9479166865348816 
42 0.8928141393771512 0.9479166865348816 0.9479166865348816 
43 0.8923645143877366 0.949999988079071 0.949999988079071 
44 0.8910603960321168 0.949999988079071 0.949999988079071 
45 0.8982727176262415 0.9520833492279053 0.9520833492279053 
46 0.9013712680025492 0.9520833492279053 0.9520833492279053 
47 0.8980082290436258 0.9520833492279053 0.9520833492279053 
48 0.8931457563812728 0.9520833492279053 0.9520833492279053 
49 0.8907714854576625 0.9520833492279053 0.9520833492279053 
50 0.8868042042304296 0.9520833492279053 0.9520833492279053 
