0 0.4676737393019721 0.8062499761581421 0.8062499761581421 
1 0.5082316003681626 0.8062499761581421 0.8062499761581421 
2 0.5337219154462218 0.925000011920929 0.925000011920929 
3 0.5752278596919496 0.925000011920929 0.925000011920929 
4 0.6493754030525452 0.925000011920929 0.925000011920929 
5 0.720145666411554 0.9333333373069763 0.9333333373069763 
6 0.7924580911785597 0.9333333373069763 0.9333333373069763 
7 0.8186482801684178 0.9333333373069763 0.9333333373069763 
8 0.815631107747322 0.9395833611488342 0.9395833611488342 
9 0.8297058128518984 0.9395833611488342 0.9395833611488342 
10 0.8258911134034861 0.9395833611488342 0.9395833611488342 
11 0.83326009256416 0.9395833611488342 0.9395833611488342 
12 0.8302124115580227 0.9395833611488342 0.9395833611488342 
13 0.8383707827306353 0.9437500238418579 0.9437500238418579 
14 0.8444702301640064 0.9437500238418579 0.9437500238418579 
15 0.8446919912821613 0.9437500238418579 0.9437500238418579 
16 0.844982924987562 0.9458333253860474 0.9458333253860474 
17 0.8776753903657664 0.9458333253860474 0.9458333253860474 
18 0.890012630232377 0.9458333253860474 0.9458333253860474 
19 0.8932800456532277 0.9458333253860474 0.9458333253860474 
20 0.8954589972563554 0.9458333253860474 0.9458333253860474 
21 0.894923914282117 0.9458333253860474 0.9458333253860474 
22 0.8969421393121593 0.9458333253860474 0.9458333253860474 
23 0.8978902171947993 0.9458333253860474 0.9458333253860474 
24 0.8894307432346977 0.9458333253860474 0.9458333253860474 
25 0.8920125305303372 0.9458333253860474 0.9458333253860474 
26 0.8916686992743053 0.9458333253860474 0.9458333253860474 
27 0.9024617500253953 0.9458333253860474 0.9458333253860474 
28 0.8988484680303372 0.9458333253860474 0.9458333253860474 
29 0.8994710271363147 0.9458333253860474 0.9458333253860474 
30 0.8942667622759473 0.9458333253860474 0.9458333253860474 
31 0.8955952938995324 0.9458333253860474 0.9458333253860474 
32 0.902773028035881 0.9479166865348816 0.9479166865348816 
33 0.9018920885282569 0.9479166865348816 0.9479166865348816 
34 0.8975382490607444 0.9541666507720947 0.9541666507720947 
35 0.9011108469276223 0.9541666507720947 0.9541666507720947 
36 0.8939473578357138 0.9541666507720947 0.9541666507720947 
37 0.8939676987647545 0.9541666507720947 0.9541666507720947 
38 0.89593098955811 0.9541666507720947 0.9541666507720947 
39 0.8958679157803999 0.956250011920929 0.956250011920929 
40 0.8897318463423289 0.956250011920929 0.956250011920929 
41 0.8956115649634739 0.956250011920929 0.956250011920929 
42 0.8897013289097231 0.9583333134651184 0.9583333134651184 
43 0.8917785607045516 0.9583333134651184 0.9583333134651184 
44 0.9013203947979491 0.9583333134651184 0.9583333134651184 
45 0.9064676963316742 0.9583333134651184 0.9583333134651184 
46 0.8966674839175539 0.9583333134651184 0.9583333134651184 
47 0.8994750984857092 0.9604166746139526 0.9604166746139526 
48 0.905934649752453 0.9624999761581421 0.9624999761581421 
49 0.8995971630429267 0.9624999761581421 0.9624999761581421 
50 0.8986144968584995 0.9624999761581421 0.9624999761581421 
