0 0.46888630391913466 0.6583333611488342 0.6583333611488342 
1 0.5071614507396589 0.7479166388511658 0.7479166388511658 
2 0.5337890546215931 0.8166666626930237 0.8166666626930237 
3 0.5540547660639277 0.8395833373069763 0.8395833373069763 
4 0.5883321116416482 0.9041666388511658 0.9041666388511658 
5 0.6083801248023519 0.9166666865348816 0.9166666865348816 
6 0.643764239634038 0.9229166507720947 0.9229166507720947 
7 0.676739498245297 0.9375 0.9375 
8 0.7099487260711612 0.9375 0.9375 
9 0.7283691361226374 0.9375 0.9375 
10 0.7607604931326932 0.9375 0.9375 
11 0.7870320586007438 0.9395833611488342 0.9395833611488342 
12 0.8138814268240822 0.9395833611488342 0.9395833611488342 
13 0.8359008770858054 0.9395833611488342 0.9395833611488342 
14 0.8408142083462735 0.9416666626930237 0.9416666626930237 
15 0.8525594137026928 0.9416666626930237 0.9416666626930237 
16 0.8527486283164762 0.9416666626930237 0.9416666626930237 
17 0.8685974246582191 0.9416666626930237 0.9416666626930237 
18 0.8783406706570531 0.9416666626930237 0.9416666626930237 
19 0.8733642664374202 0.9416666626930237 0.9416666626930237 
20 0.8734639507601969 0.9437500238418579 0.9437500238418579 
21 0.8742879211240506 0.9437500238418579 0.9437500238418579 
22 0.8787597635382554 0.9437500238418579 0.9437500238418579 
23 0.8769449863902992 0.9437500238418579 0.9437500238418579 
24 0.8872314499749336 0.9437500238418579 0.9437500238418579 
25 0.8952921655145474 0.9458333253860474 0.9458333253860474 
26 0.8983256146166241 0.9458333253860474 0.9458333253860474 
27 0.8922790648502996 0.9458333253860474 0.9458333253860474 
28 0.8945251590921544 0.9458333253860474 0.9458333253860474 
29 0.8985799265283276 0.9458333253860474 0.9458333253860474 
30 0.8924662339268252 0.9479166865348816 0.9479166865348816 
31 0.8851074220365263 0.9479166865348816 0.9479166865348816 
32 0.8913431799301179 0.9479166865348816 0.9479166865348816 
33 0.8899902359917178 0.9479166865348816 0.9479166865348816 
34 0.8869099997682497 0.949999988079071 0.949999988079071 
35 0.8763387122744462 0.949999988079071 0.949999988079071 
36 0.8749959383712849 0.949999988079071 0.949999988079071 
37 0.8691223217902007 0.949999988079071 0.949999988079071 
38 0.8728230851702392 0.949999988079071 0.949999988079071 
39 0.8741353355508181 0.949999988079071 0.949999988079071 
40 0.8801757789624389 0.949999988079071 0.949999988079071 
41 0.8732279435716919 0.949999988079071 0.949999988079071 
42 0.8775329555937788 0.949999988079071 0.949999988079071 
43 0.8785929333389504 0.949999988079071 0.949999988079071 
44 0.8785644487361424 0.949999988079071 0.949999988079071 
45 0.8760681110215955 0.949999988079071 0.949999988079071 
46 0.8791727661591722 0.949999988079071 0.949999988079071 
47 0.8793945271609118 0.949999988079071 0.949999988079071 
48 0.880192052849452 0.949999988079071 0.949999988079071 
49 0.8781087195384316 0.949999988079071 0.949999988079071 
50 0.8842732703778893 0.949999988079071 0.949999988079071 
