0 0.47060749649244826 0.7583333253860474 0.7583333253860474 
1 0.5067769299639622 0.7604166865348816 0.7604166865348816 
2 0.5311543695279397 0.7604166865348816 0.7604166865348816 
3 0.5520772260206286 0.7833333611488342 0.7833333611488342 
4 0.5927510562178213 0.800000011920929 0.800000011920929 
5 0.6303365050116554 0.9291666746139526 0.9291666746139526 
6 0.6462178515066626 0.9291666746139526 0.9291666746139526 
7 0.682397457989282 0.9333333373069763 0.9333333373069763 
8 0.6948303168319399 0.9395833611488342 0.9395833611488342 
9 0.7343851671903394 0.9395833611488342 0.9395833611488342 
10 0.7634155240812106 0.9395833611488342 0.9395833611488342 
11 0.8107035302673467 0.9416666626930237 0.9416666626930237 
12 0.835636395313486 0.9416666626930237 0.9416666626930237 
13 0.8586812465655385 0.9416666626930237 0.9416666626930237 
14 0.8587076976837125 0.9416666626930237 0.9416666626930237 
15 0.862758395182027 0.9416666626930237 0.9416666626930237 
16 0.8695780523194117 0.9416666626930237 0.9416666626930237 
17 0.8771341996107367 0.9416666626930237 0.9416666626930237 
18 0.8799886070846696 0.9416666626930237 0.9416666626930237 
19 0.8822306306683458 0.9437500238418579 0.9437500238418579 
20 0.8846333824039903 0.9437500238418579 0.9437500238418579 
21 0.8904134128533769 0.9437500238418579 0.9437500238418579 
22 0.8986714727652725 0.9437500238418579 0.9437500238418579 
23 0.8968872184341308 0.9458333253860474 0.9458333253860474 
24 0.9011596807977185 0.9479166865348816 0.9479166865348816 
25 0.9050862757721916 0.9479166865348816 0.9479166865348816 
26 0.8966125567094423 0.9479166865348816 0.9479166865348816 
27 0.9052144384768326 0.949999988079071 0.949999988079071 
28 0.8982320148934377 0.949999988079071 0.949999988079071 
29 0.9061014843755402 0.9520833492279053 0.9520833492279053 
30 0.9070495641208254 0.9520833492279053 0.9520833492279053 
31 0.9093811026323237 0.9520833492279053 0.9520833492279053 
32 0.9211690238444135 0.9520833492279053 0.9520833492279053 
33 0.9107198085112032 0.9520833492279053 0.9520833492279053 
34 0.911655685689766 0.9520833492279053 0.9520833492279053 
35 0.9070760168833658 0.9520833492279053 0.9520833492279053 
36 0.9127461822063196 0.9541666507720947 0.9541666507720947 
37 0.9075907465012278 0.9541666507720947 0.9541666507720947 
38 0.9131754632398952 0.9541666507720947 0.9541666507720947 
39 0.9107218485150952 0.9541666507720947 0.9541666507720947 
40 0.9122863822776708 0.9541666507720947 0.9541666507720947 
41 0.9142517103173304 0.9541666507720947 0.9541666507720947 
42 0.9171549450838938 0.9541666507720947 0.9541666507720947 
43 0.9178365033003502 0.9541666507720947 0.9541666507720947 
44 0.9142801874841098 0.956250011920929 0.956250011920929 
45 0.9204243934364058 0.956250011920929 0.956250011920929 
46 0.918802892731037 0.956250011920929 0.956250011920929 
47 0.9201517696201336 0.956250011920929 0.956250011920929 
48 0.9198567677522078 0.956250011920929 0.956250011920929 
49 0.9202412911690772 0.956250011920929 0.956250011920929 
50 0.9200520853919443 0.956250011920929 0.956250011920929 
