0 0.47078042809152976 0.706250011920929 0.706250011920929 
1 0.508087150315987 0.6895833611488342 0.706250011920929 
2 0.5259195883263601 0.925000011920929 0.925000011920929 
3 0.5519571909244405 0.925000011920929 0.925000011920929 
4 0.5945495613996172 0.9375 0.9375 
5 0.6557515453459928 0.9395833611488342 0.9395833611488342 
6 0.7128763819928281 0.9395833611488342 0.9395833611488342 
7 0.7951477074602735 0.9395833611488342 0.9395833611488342 
8 0.8362284421855293 0.9395833611488342 0.9395833611488342 
9 0.8700175128251431 0.9395833611488342 0.9395833611488342 
10 0.8859944847936276 0.9395833611488342 0.9395833611488342 
11 0.8717000504875614 0.9416666626930237 0.9416666626930237 
12 0.8850423366202449 0.9416666626930237 0.9416666626930237 
13 0.8920471390229068 0.9416666626930237 0.9416666626930237 
14 0.8904093620803906 0.9416666626930237 0.9416666626930237 
15 0.8843648462461715 0.9416666626930237 0.9416666626930237 
16 0.8938110529816186 0.9437500238418579 0.9437500238418579 
17 0.8871968708117492 0.9437500238418579 0.9437500238418579 
18 0.8931091346312314 0.9437500238418579 0.9437500238418579 
19 0.8904012073471677 0.9437500238418579 0.9437500238418579 
20 0.8959900010668207 0.9458333253860474 0.9458333253860474 
21 0.9044515132991364 0.9458333253860474 0.9458333253860474 
22 0.8987935536570149 0.9458333253860474 0.9458333253860474 
23 0.9069051224651048 0.9458333253860474 0.9458333253860474 
24 0.9040364594839048 0.9458333253860474 0.9458333253860474 
25 0.9041117304004729 0.949999988079071 0.949999988079071 
26 0.9011637321818853 0.949999988079071 0.949999988079071 
27 0.9105163528292906 0.949999988079071 0.949999988079071 
28 0.9015197710104985 0.949999988079071 0.949999988079071 
29 0.9106262160639744 0.949999988079071 0.949999988079071 
30 0.9200439402629854 0.9520833492279053 0.9520833492279053 
31 0.9090738871745998 0.9520833492279053 0.9520833492279053 
32 0.9219136485044146 0.9520833492279053 0.9520833492279053 
33 0.9155293733056169 0.9541666507720947 0.9541666507720947 
34 0.9215047190518817 0.9541666507720947 0.9541666507720947 
35 0.9292704330000561 0.956250011920929 0.956250011920929 
36 0.9290384968189755 0.956250011920929 0.956250011920929 
37 0.9326741490222048 0.956250011920929 0.956250011920929 
38 0.9343282037007157 0.956250011920929 0.956250011920929 
39 0.93131104085478 0.956250011920929 0.956250011920929 
40 0.9398457933857571 0.956250011920929 0.956250011920929 
41 0.937593596347142 0.956250011920929 0.956250011920929 
42 0.9362609947565943 0.956250011920929 0.956250011920929 
43 0.9379964284598827 0.956250011920929 0.956250011920929 
44 0.9354939866170753 0.956250011920929 0.956250011920929 
45 0.9372355228406377 0.956250011920929 0.956250011920929 
46 0.9328531987557653 0.956250011920929 0.956250011920929 
47 0.9390869229682721 0.956250011920929 0.956250011920929 
48 0.9395487559668254 0.956250011920929 0.956250011920929 
49 0.9344095953856595 0.956250011920929 0.956250011920929 
50 0.9366801034775563 0.956250011920929 0.956250011920929 
