0 0.4710591557668522 0.699999988079071 0.699999988079071 
1 0.5079101492010523 0.699999988079071 0.699999988079071 
2 0.5287638263835106 0.7958333492279053 0.7958333492279053 
3 0.5535502097627614 0.875 0.875 
4 0.603139242171892 0.9145833253860474 0.9145833253860474 
5 0.639455157215707 0.9208333492279053 0.9208333492279053 
6 0.66470947045309 0.9208333492279053 0.9208333492279053 
7 0.7048360157859861 0.9208333492279053 0.9208333492279053 
8 0.7509724909396027 0.925000011920929 0.925000011920929 
9 0.7448832151494571 0.925000011920929 0.925000011920929 
10 0.7631347630594973 0.9333333373069763 0.9333333373069763 
11 0.7791829407506157 0.9395833611488342 0.9395833611488342 
12 0.7637573206811794 0.9395833611488342 0.9395833611488342 
13 0.7970906538539566 0.9416666626930237 0.9416666626930237 
14 0.8207743265666068 0.9395833611488342 0.9416666626930237 
15 0.8303120891141589 0.9395833611488342 0.9416666626930237 
16 0.8549825040936412 0.9395833611488342 0.9416666626930237 
17 0.8504191153333522 0.9416666626930237 0.9416666626930237 
18 0.8607076120388228 0.9416666626930237 0.9416666626930237 
19 0.8606974397043814 0.9416666626930237 0.9416666626930237 
20 0.8692586340148409 0.9416666626930237 0.9416666626930237 
21 0.8728556329988351 0.9416666626930237 0.9416666626930237 
22 0.8730021135961579 0.9437500238418579 0.9437500238418579 
23 0.8813252741201723 0.9437500238418579 0.9437500238418579 
24 0.875970457396761 0.9437500238418579 0.9437500238418579 
25 0.8707580566042452 0.9458333253860474 0.9458333253860474 
26 0.868583175164531 0.9458333253860474 0.9458333253860474 
27 0.8702067124249879 0.9458333253860474 0.9458333253860474 
28 0.8674357114578015 0.9479166865348816 0.9479166865348816 
29 0.8703959114936879 0.9479166865348816 0.9479166865348816 
30 0.8739013634549337 0.9479166865348816 0.9479166865348816 
31 0.8752298939289176 0.9479166865348816 0.9479166865348816 
32 0.8810974078442086 0.9479166865348816 0.9479166865348816 
33 0.8929199184640311 0.9479166865348816 0.9479166865348816 
34 0.8928019203085569 0.9479166865348816 0.9479166865348816 
35 0.8936543841846287 0.9479166865348816 0.9479166865348816 
36 0.8952067153295502 0.9479166865348816 0.9479166865348816 
37 0.8894958581367973 0.9479166865348816 0.9479166865348816 
38 0.8917134698131122 0.949999988079071 0.949999988079071 
39 0.8941284272877965 0.949999988079071 0.949999988079071 
40 0.896502695439267 0.949999988079071 0.949999988079071 
41 0.8982849211315624 0.949999988079071 0.949999988079071 
42 0.9045572976465337 0.949999988079071 0.949999988079071 
43 0.8952046726190019 0.949999988079071 0.949999988079071 
44 0.9019144679041347 0.949999988079071 0.949999988079071 
45 0.9024108854137012 0.949999988079071 0.949999988079071 
46 0.9052042613911908 0.9520833492279053 0.9520833492279053 
47 0.9007873495284002 0.9520833492279053 0.9520833492279053 
48 0.9026875777635723 0.9520833492279053 0.9520833492279053 
49 0.9125142389675602 0.9520833492279053 0.9520833492279053 
50 0.9115539553167764 0.9520833492279053 0.9520833492279053 
