0 0.4685424725757912 0.6958333253860474 0.6958333253860474 
1 0.5077453539706767 0.737500011920929 0.737500011920929 
2 0.5303242908557877 0.7437499761581421 0.7437499761581421 
3 0.5633483864512527 0.925000011920929 0.925000011920929 
4 0.6202189123578137 0.925000011920929 0.925000011920929 
5 0.6620890300546307 0.9333333373069763 0.9333333373069763 
6 0.7055297831975622 0.9333333373069763 0.9333333373069763 
7 0.7622416179583524 0.9354166388511658 0.9354166388511658 
8 0.7686564129398903 0.9375 0.9375 
9 0.7867858871177305 0.9395833611488342 0.9395833611488342 
10 0.7851664171976154 0.9395833611488342 0.9395833611488342 
11 0.7971822034087381 0.9416666626930237 0.9416666626930237 
12 0.8198242119979113 0.9416666626930237 0.9416666626930237 
13 0.8425455707147194 0.9437500238418579 0.9437500238418579 
14 0.8478088373594801 0.9437500238418579 0.9437500238418579 
15 0.8657592762938293 0.9437500238418579 0.9437500238418579 
16 0.8673685717403714 0.9458333253860474 0.9458333253860474 
17 0.8646484462515218 0.9458333253860474 0.9458333253860474 
18 0.8727844367203943 0.9458333253860474 0.9458333253860474 
19 0.8666829565081571 0.9458333253860474 0.9458333253860474 
20 0.8711161432947847 0.9458333253860474 0.9458333253860474 
21 0.8709961046915851 0.9458333253860474 0.9458333253860474 
22 0.8715800026984653 0.9479166865348816 0.9479166865348816 
23 0.8786193852865836 0.9479166865348816 0.9479166865348816 
24 0.8791320773234474 0.9479166865348816 0.9479166865348816 
25 0.8766316708060913 0.9479166865348816 0.9479166865348816 
26 0.864882404486707 0.9479166865348816 0.9479166865348816 
27 0.8786600782041205 0.9479166865348816 0.9479166865348816 
28 0.8842631100706058 0.9479166865348816 0.9479166865348816 
29 0.8858052658761153 0.9479166865348816 0.9479166865348816 
30 0.8889546811406035 0.9479166865348816 0.9479166865348816 
31 0.8880859477503691 0.9479166865348816 0.9479166865348816 
32 0.8937886653875466 0.9479166865348816 0.9479166865348816 
33 0.8995137638703454 0.9479166865348816 0.9479166865348816 
34 0.8901753850732348 0.9479166865348816 0.9479166865348816 
35 0.9004333604389103 0.9479166865348816 0.9479166865348816 
36 0.8938619086839026 0.9479166865348816 0.9479166865348816 
37 0.9063619099033531 0.9479166865348816 0.9479166865348816 
38 0.9046468216110952 0.9479166865348816 0.9479166865348816 
39 0.8985209266247693 0.9479166865348816 0.9479166865348816 
40 0.9087890750379302 0.9479166865348816 0.9479166865348816 
41 0.8985941680148244 0.949999988079071 0.949999988079071 
42 0.9045227177630295 0.949999988079071 0.949999988079071 
43 0.9049560670173378 0.949999988079071 0.949999988079071 
44 0.9041951596591389 0.949999988079071 0.949999988079071 
45 0.909045413529384 0.949999988079071 0.949999988079071 
46 0.9173299109970685 0.949999988079071 0.949999988079071 
47 0.9156107511516893 0.949999988079071 0.949999988079071 
48 0.9152058848485467 0.949999988079071 0.949999988079071 
49 0.9139892498787958 0.949999988079071 0.949999988079071 
50 0.9199483163538389 0.949999988079071 0.949999988079071 
