0 0.46857909410027787 0.925000011920929 0.925000011920929 
1 0.5052083262417 0.925000011920929 0.925000011920929 
2 0.5275187082297634 0.925000011920929 0.925000011920929 
3 0.5544636991398875 0.9270833134651184 0.9270833134651184 
4 0.6142618792364374 0.9333333373069763 0.9333333373069763 
5 0.682708737323992 0.9354166388511658 0.9354166388511658 
6 0.7500874791585375 0.9375 0.9375 
7 0.8010375904559623 0.9395833611488342 0.9395833611488342 
8 0.8199788327910937 0.9416666626930237 0.9416666626930237 
9 0.8426045636078925 0.9416666626930237 0.9416666626930237 
10 0.8459920202149078 0.9416666626930237 0.9416666626930237 
11 0.8482055659405887 0.9416666626930237 0.9416666626930237 
12 0.8425435404933523 0.9416666626930237 0.9416666626930237 
13 0.8536763545125723 0.9416666626930237 0.9416666626930237 
14 0.8635864249808947 0.9437500238418579 0.9437500238418579 
15 0.865431719517801 0.9437500238418579 0.9437500238418579 
16 0.8744669588486431 0.9437500238418579 0.9437500238418579 
17 0.8691060376877431 0.9437500238418579 0.9437500238418579 
18 0.8818216978979763 0.9458333253860474 0.9458333253860474 
19 0.8789021872507874 0.9458333253860474 0.9458333253860474 
20 0.878798429883318 0.9458333253860474 0.9458333253860474 
21 0.8808553149283398 0.9458333253860474 0.9458333253860474 
22 0.8917297427833546 0.9458333253860474 0.9458333253860474 
23 0.8912068710487802 0.9458333253860474 0.9458333253860474 
24 0.8962443039927166 0.9458333253860474 0.9458333253860474 
25 0.9034505207964685 0.9458333253860474 0.9458333253860474 
26 0.8944742826570291 0.9458333253860474 0.9458333253860474 
27 0.9041951502877055 0.9458333253860474 0.9458333253860474 
28 0.9043131500657182 0.9458333253860474 0.9458333253860474 
29 0.8998555488942657 0.9458333253860474 0.9458333253860474 
30 0.8992024711042177 0.9458333253860474 0.9458333253860474 
31 0.9082987442961894 0.9458333253860474 0.9458333253860474 
32 0.9048482225916814 0.9458333253860474 0.9458333253860474 
33 0.907773841987364 0.9458333253860474 0.9458333253860474 
34 0.9099894179671537 0.9458333253860474 0.9458333253860474 
35 0.9149820934107993 0.9458333253860474 0.9458333253860474 
36 0.9080993624520488 0.9458333253860474 0.9458333253860474 
37 0.911142981989542 0.9458333253860474 0.9458333253860474 
38 0.9144755015804549 0.9458333253860474 0.9458333253860474 
39 0.9100992801359098 0.9458333253860474 0.9458333253860474 
40 0.9081563273502979 0.9458333253860474 0.9458333253860474 
41 0.9117146785429213 0.9458333253860474 0.9458333253860474 
42 0.9064819300547242 0.9458333253860474 0.9458333253860474 
43 0.9098164842653205 0.9458333253860474 0.9458333253860474 
44 0.9095316530801938 0.9458333253860474 0.9458333253860474 
45 0.9101908337688656 0.9479166865348816 0.9479166865348816 
46 0.9083190917299362 0.9479166865348816 0.9479166865348816 
47 0.9110900922678411 0.9479166865348816 0.9479166865348816 
48 0.9142842700821348 0.9479166865348816 0.9479166865348816 
49 0.9122619718837086 0.9479166865348816 0.9479166865348816 
50 0.9121276954829227 0.9479166865348816 0.9479166865348816 
