0 0.4669799730327213 0.6312500238418579 0.6312500238418579 
1 0.5017801848734962 0.6645833253860474 0.6645833253860474 
2 0.5260213118381216 0.925000011920929 0.925000011920929 
3 0.5506144144674181 0.925000011920929 0.925000011920929 
4 0.5804626439057756 0.9083333611488342 0.925000011920929 
5 0.6143636044871528 0.9333333373069763 0.9333333373069763 
6 0.6464782710681902 0.9354166388511658 0.9354166388511658 
7 0.6931518553828937 0.9395833611488342 0.9395833611488342 
8 0.7507202120177681 0.9395833611488342 0.9395833611488342 
9 0.798101801003213 0.9395833611488342 0.9395833611488342 
10 0.827868649183074 0.9416666626930237 0.9416666626930237 
11 0.8323486355766363 0.9416666626930237 0.9416666626930237 
12 0.8555704844729917 0.9416666626930237 0.9416666626930237 
13 0.8487101356840867 0.9416666626930237 0.9416666626930237 
14 0.8452453729732952 0.9416666626930237 0.9416666626930237 
15 0.8588134893871029 0.9416666626930237 0.9416666626930237 
16 0.8631652931726421 0.9416666626930237 0.9416666626930237 
17 0.8473327669344144 0.9416666626930237 0.9416666626930237 
18 0.8504333473247243 0.9416666626930237 0.9416666626930237 
19 0.8682189898827346 0.9416666626930237 0.9416666626930237 
20 0.8539387968339724 0.9416666626930237 0.9416666626930237 
21 0.8587483674637042 0.9416666626930237 0.9416666626930237 
22 0.8531107533308386 0.9416666626930237 0.9416666626930237 
23 0.8554829859858728 0.9416666626930237 0.9416666626930237 
24 0.8653849234506197 0.9416666626930237 0.9416666626930237 
25 0.8724995875672903 0.9437500238418579 0.9437500238418579 
26 0.8719767202128423 0.9437500238418579 0.9437500238418579 
27 0.8771077427445562 0.9437500238418579 0.9437500238418579 
28 0.8815877233282663 0.9437500238418579 0.9437500238418579 
29 0.8712605743421591 0.9437500238418579 0.9437500238418579 
30 0.8714355433294259 0.9437500238418579 0.9437500238418579 
31 0.8646525056938117 0.9437500238418579 0.9437500238418579 
32 0.8754211477935314 0.9437500238418579 0.9437500238418579 
33 0.8809143157704966 0.9437500238418579 0.9437500238418579 
34 0.8696980896929745 0.9437500238418579 0.9437500238418579 
35 0.8808105583884753 0.9437500238418579 0.9437500238418579 
36 0.8798075462545967 0.9458333253860474 0.9458333253860474 
37 0.8821146740956465 0.9458333253860474 0.9458333253860474 
38 0.877915451892477 0.9458333253860474 0.9458333253860474 
39 0.8782043444516603 0.9458333253860474 0.9458333253860474 
40 0.8750956171716098 0.9458333253860474 0.9458333253860474 
41 0.8792236282315571 0.9458333253860474 0.9458333253860474 
42 0.8786804148039664 0.9458333253860474 0.9458333253860474 
43 0.8851033477112651 0.9479166865348816 0.9479166865348816 
44 0.878434240250499 0.9479166865348816 0.9479166865348816 
45 0.8885335279337596 0.9479166865348816 0.9479166865348816 
46 0.8879292867495678 0.9479166865348816 0.9479166865348816 
47 0.8927388630108908 0.9479166865348816 0.9479166865348816 
48 0.8880778130696854 0.9479166865348816 0.9479166865348816 
49 0.8937113580759615 0.9479166865348816 0.9479166865348816 
50 0.8971740858105477 0.9479166865348816 0.9479166865348816 
