0 0.4686177495023003 0.6666666865348816 0.6666666865348816 
1 0.5054890878964216 0.90625 0.90625 
2 0.5306315030757105 0.90625 0.90625 
3 0.5691630013898248 0.9229166507720947 0.9229166507720947 
4 0.6592976870888378 0.925000011920929 0.925000011920929 
5 0.7473815894627478 0.9333333373069763 0.9333333373069763 
6 0.7947245282994118 0.9333333373069763 0.9333333373069763 
7 0.7942850733961677 0.9395833611488342 0.9395833611488342 
8 0.774456785795337 0.9395833611488342 0.9395833611488342 
9 0.8012552869986393 0.9395833611488342 0.9395833611488342 
10 0.8164916969108162 0.9416666626930237 0.9416666626930237 
11 0.8400919609048287 0.9416666626930237 0.9416666626930237 
12 0.8569803998470888 0.9416666626930237 0.9416666626930237 
13 0.8670491679404222 0.9416666626930237 0.9416666626930237 
14 0.8677510665838781 0.9416666626930237 0.9416666626930237 
15 0.877899170609453 0.9437500238418579 0.9437500238418579 
16 0.8815714500669856 0.9437500238418579 0.9437500238418579 
17 0.8836547839891864 0.9437500238418579 0.9437500238418579 
18 0.8835205082687025 0.9437500238418579 0.9437500238418579 
19 0.8800354057821096 0.9437500238418579 0.9437500238418579 
20 0.8739603794674622 0.9437500238418579 0.9437500238418579 
21 0.8865437979475246 0.9437500238418579 0.9437500238418579 
22 0.8884582662612956 0.9437500238418579 0.9437500238418579 
23 0.8828450671790051 0.9437500238418579 0.9437500238418579 
24 0.8893127600276785 0.9437500238418579 0.9437500238418579 
25 0.8904663245921256 0.9437500238418579 0.9437500238418579 
26 0.8898376624601951 0.9437500238418579 0.9437500238418579 
27 0.9033915373438504 0.9437500238418579 0.9437500238418579 
28 0.9014058607244806 0.9458333253860474 0.9458333253860474 
29 0.8978515779890586 0.9458333253860474 0.9458333253860474 
30 0.9009745403309353 0.9458333253860474 0.9458333253860474 
31 0.8993042012516526 0.9458333253860474 0.9458333253860474 
32 0.9110921185856569 0.9479166865348816 0.9479166865348816 
33 0.9052286738005932 0.949999988079071 0.949999988079071 
34 0.9173156693286728 0.949999988079071 0.949999988079071 
35 0.9120930949720787 0.9520833492279053 0.9520833492279053 
36 0.9139648398486315 0.9520833492279053 0.9520833492279053 
37 0.9197367288870737 0.9541666507720947 0.9541666507720947 
38 0.9213094025908504 0.9541666507720947 0.9541666507720947 
39 0.9168802908970974 0.9541666507720947 0.9541666507720947 
40 0.9241170311725 0.956250011920929 0.956250011920929 
41 0.9327514668111689 0.956250011920929 0.956250011920929 
42 0.9261983198230155 0.956250011920929 0.956250011920929 
43 0.93299764348194 0.956250011920929 0.956250011920929 
44 0.9353617436427157 0.9583333134651184 0.9583333134651184 
45 0.9353556401329115 0.9583333134651184 0.9583333134651184 
46 0.9345499758492224 0.9583333134651184 0.9583333134651184 
47 0.9370076571940444 0.9583333134651184 0.9583333134651184 
48 0.939412437932333 0.9583333134651184 0.9583333134651184 
49 0.9335082957986742 0.9583333134651184 0.9583333134651184 
50 0.9329345593287144 0.9583333134651184 0.9583333134651184 
