0 0.4685485764348414 0.606249988079071 0.606249988079071 
1 0.5020873941830359 0.6729166507720947 0.6729166507720947 
2 0.5181681225221837 0.8145833611488342 0.8145833611488342 
3 0.5303202259965474 0.893750011920929 0.893750011920929 
4 0.5711486783402506 0.9208333492279053 0.9208333492279053 
5 0.6272013313428033 0.9229166507720947 0.9229166507720947 
6 0.6888570137671195 0.9229166507720947 0.9229166507720947 
7 0.7426818870735588 0.925000011920929 0.925000011920929 
8 0.7715779647987802 0.9354166388511658 0.9354166388511658 
9 0.8039347363373963 0.9333333373069763 0.9354166388511658 
10 0.8057047529146075 0.9416666626930237 0.9416666626930237 
11 0.8125284798443317 0.9416666626930237 0.9416666626930237 
12 0.851637773514085 0.9416666626930237 0.9416666626930237 
13 0.8769836386491079 0.9416666626930237 0.9416666626930237 
14 0.879162597033428 0.9416666626930237 0.9416666626930237 
15 0.87669067303068 0.9416666626930237 0.9416666626930237 
16 0.8904479973134585 0.9416666626930237 0.9416666626930237 
17 0.8854756664513843 0.9458333253860474 0.9458333253860474 
18 0.8845357254031114 0.9458333253860474 0.9458333253860474 
19 0.8815633122430881 0.9458333253860474 0.9458333253860474 
20 0.8694661427871324 0.9458333253860474 0.9458333253860474 
21 0.8718139601696748 0.9458333253860474 0.9458333253860474 
22 0.878434239741182 0.9479166865348816 0.9479166865348816 
23 0.8844828255969333 0.9479166865348816 0.9479166865348816 
24 0.874910480401013 0.9479166865348816 0.9479166865348816 
25 0.8810913108172826 0.949999988079071 0.949999988079071 
26 0.8831929590378422 0.9541666507720947 0.9541666507720947 
27 0.8859843017125968 0.9541666507720947 0.9541666507720947 
28 0.8966756253794301 0.9541666507720947 0.9541666507720947 
29 0.9041707375727128 0.9541666507720947 0.9541666507720947 
30 0.9074991870729718 0.9541666507720947 0.9541666507720947 
31 0.9150716122239828 0.9541666507720947 0.9541666507720947 
32 0.913142899153172 0.9541666507720947 0.9541666507720947 
33 0.9048705996247008 0.9541666507720947 0.9541666507720947 
34 0.9158223419508431 0.9541666507720947 0.9541666507720947 
35 0.9175130160583649 0.956250011920929 0.956250011920929 
36 0.9157633424911182 0.956250011920929 0.956250011920929 
37 0.9050252260640264 0.9583333134651184 0.9583333134651184 
38 0.908481854974525 0.956250011920929 0.9583333134651184 
39 0.9065694219316356 0.956250011920929 0.9583333134651184 
40 0.9075948128011078 0.9583333134651184 0.9583333134651184 
41 0.9219299374963157 0.9583333134651184 0.9583333134651184 
42 0.9082397502206732 0.9583333134651184 0.9583333134651184 
43 0.9055603047891054 0.9583333134651184 0.9583333134651184 
44 0.9100016245793086 0.9583333134651184 0.9583333134651184 
45 0.897841382495244 0.9604166746139526 0.9604166746139526 
46 0.9058878486976027 0.9604166746139526 0.9604166746139526 
47 0.90550943146809 0.9604166746139526 0.9604166746139526 
48 0.9028259187180083 0.9604166746139526 0.9604166746139526 
49 0.9097717215190642 0.9604166746139526 0.9604166746139526 
50 0.9055664018669631 0.9604166746139526 0.9604166746139526 
