0 0.47039997641695663 0.7229166626930237 0.7229166626930237 
1 0.5071960370551096 0.7229166626930237 0.7229166626930237 
2 0.5314188544289209 0.8833333253860474 0.8833333253860474 
3 0.5492187453492079 0.8958333134651184 0.8958333134651184 
4 0.5863606750208419 0.8958333134651184 0.8958333134651184 
5 0.6489440881414339 0.9270833134651184 0.9270833134651184 
6 0.7500305128342006 0.9270833134651184 0.9270833134651184 
7 0.811423740698956 0.9333333373069763 0.9333333373069763 
8 0.8183898900169879 0.9395833611488342 0.9395833611488342 
9 0.8294921781634912 0.9395833611488342 0.9395833611488342 
10 0.8372599183931015 0.9395833611488342 0.9395833611488342 
11 0.8400695770760649 0.9395833611488342 0.9395833611488342 
12 0.8423177133518038 0.9395833611488342 0.9395833611488342 
13 0.8357381310888741 0.9395833611488342 0.9395833611488342 
14 0.8439310854555515 0.9437500238418579 0.9437500238418579 
15 0.8414510228503786 0.9437500238418579 0.9437500238418579 
16 0.8551778302316961 0.9437500238418579 0.9437500238418579 
17 0.8647440703098255 0.9437500238418579 0.9437500238418579 
18 0.8764099158870522 0.9458333253860474 0.9458333253860474 
19 0.8802022341333213 0.9458333253860474 0.9458333253860474 
20 0.8864095145581814 0.9458333253860474 0.9458333253860474 
21 0.8964355568532483 0.9458333253860474 0.9458333253860474 
22 0.8933349673752673 0.9458333253860474 0.9458333253860474 
23 0.8975260424776934 0.9479166865348816 0.9479166865348816 
24 0.8942687982344069 0.9479166865348816 0.9479166865348816 
25 0.898567707859911 0.9479166865348816 0.9479166865348816 
26 0.8989115402218886 0.9479166865348816 0.9479166865348816 
27 0.8943522174085956 0.949999988079071 0.949999988079071 
28 0.8859639569418505 0.949999988079071 0.949999988079071 
29 0.8867289342451841 0.949999988079071 0.949999988079071 
30 0.8860880662687123 0.949999988079071 0.949999988079071 
31 0.8820617783640046 0.949999988079071 0.949999988079071 
32 0.8751159738749266 0.949999988079071 0.949999988079071 
33 0.8874491403112188 0.949999988079071 0.949999988079071 
34 0.8852579752565362 0.9520833492279053 0.9520833492279053 
35 0.8777832027117256 0.9520833492279053 0.9520833492279053 
36 0.8798665369686205 0.9520833492279053 0.9520833492279053 
37 0.882617187598953 0.9520833492279053 0.9520833492279053 
38 0.8856363968516234 0.9541666507720947 0.9541666507720947 
39 0.9038106364023406 0.9541666507720947 0.9541666507720947 
40 0.8960469669837039 0.9541666507720947 0.9541666507720947 
41 0.9015808203839697 0.9541666507720947 0.9541666507720947 
42 0.9067911876481958 0.9541666507720947 0.9541666507720947 
43 0.899792487238301 0.9541666507720947 0.9541666507720947 
44 0.9004638682527002 0.9541666507720947 0.9541666507720947 
45 0.9038513160485309 0.9541666507720947 0.9541666507720947 
46 0.9078572535945568 0.9541666507720947 0.9541666507720947 
47 0.9057983349775895 0.9541666507720947 0.9541666507720947 
48 0.9045288026391063 0.9541666507720947 0.9541666507720947 
49 0.9046834260807373 0.9541666507720947 0.9541666507720947 
50 0.9029398541315459 0.9541666507720947 0.9541666507720947 
