0 0.46849771385313943 0.606249988079071 0.606249988079071 
1 0.5020283946942072 0.7437499761581421 0.7437499761581421 
2 0.5220601296750829 0.7437499761581421 0.7437499761581421 
3 0.5330281505448511 0.7833333611488342 0.7833333611488342 
4 0.5585611960559618 0.8812500238418579 0.8812500238418579 
5 0.5930521629052237 0.925000011920929 0.925000011920929 
6 0.6327616344424314 0.925000011920929 0.925000011920929 
7 0.6901143366267206 0.925000011920929 0.925000011920929 
8 0.7381449338936363 0.9333333373069763 0.9333333373069763 
9 0.774971511134936 0.9333333373069763 0.9333333373069763 
10 0.8018697088773479 0.9416666626930237 0.9416666626930237 
11 0.8306579610216431 0.9416666626930237 0.9416666626930237 
12 0.837408450730436 0.9416666626930237 0.9416666626930237 
13 0.8422810950105486 0.9416666626930237 0.9416666626930237 
14 0.8336303791656974 0.9416666626930237 0.9416666626930237 
15 0.840541586629115 0.9458333253860474 0.9458333253860474 
16 0.8454854294686811 0.9458333253860474 0.9458333253860474 
17 0.8561808225676941 0.9458333253860474 0.9458333253860474 
18 0.8515950478758896 0.9458333253860474 0.9458333253860474 
19 0.8564921045108349 0.9458333253860474 0.9458333253860474 
20 0.8634948756043741 0.9458333253860474 0.9458333253860474 
21 0.8755778027116321 0.9458333253860474 0.9458333253860474 
22 0.8859578446790692 0.9458333253860474 0.9458333253860474 
23 0.883172601388651 0.9458333253860474 0.9458333253860474 
24 0.8843709247303195 0.9458333253860474 0.9458333253860474 
25 0.8936584409384523 0.9458333253860474 0.9458333253860474 
26 0.8920064217236359 0.9458333253860474 0.9458333253860474 
27 0.8973144471819978 0.9458333253860474 0.9458333253860474 
28 0.8941101003729273 0.9479166865348816 0.9479166865348816 
29 0.8953877704334445 0.9479166865348816 0.9479166865348816 
30 0.8994384714751504 0.9479166865348816 0.9479166865348816 
31 0.8965718546824064 0.949999988079071 0.949999988079071 
32 0.8867024736828171 0.949999988079071 0.949999988079071 
33 0.8829956100089476 0.949999988079071 0.949999988079071 
34 0.8762369861360639 0.949999988079071 0.949999988079071 
35 0.8737874408543576 0.949999988079071 0.949999988079071 
36 0.8830729181936476 0.949999988079071 0.949999988079071 
37 0.8994547486654483 0.949999988079071 0.949999988079071 
38 0.8965677840751596 0.949999988079071 0.949999988079071 
39 0.9011026956140995 0.949999988079071 0.949999988079071 
40 0.904992669733474 0.9520833492279053 0.9520833492279053 
41 0.8978576596127823 0.9520833492279053 0.9520833492279053 
42 0.9094095818290953 0.9520833492279053 0.9520833492279053 
43 0.8972228978818748 0.9520833492279053 0.9520833492279053 
44 0.8901326524501201 0.9520833492279053 0.9520833492279053 
45 0.9053934809635393 0.9520833492279053 0.9520833492279053 
46 0.9014506094245007 0.9520833492279053 0.9520833492279053 
47 0.9026835204422241 0.9520833492279053 0.9520833492279053 
48 0.8988789950381033 0.9520833492279053 0.9520833492279053 
49 0.9009277413861128 0.9541666507720947 0.9541666507720947 
50 0.9002258370746858 0.9541666507720947 0.9541666507720947 
