0 0.4692687910865061 0.925000011920929 0.925000011920929 
1 0.5064656496106181 0.925000011920929 0.925000011920929 
2 0.5334289452875964 0.9333333373069763 0.9333333373069763 
3 0.5664835553325247 0.9270833134651184 0.9333333373069763 
4 0.6308817522949539 0.9333333373069763 0.9333333373069763 
5 0.7312520350969862 0.9395833611488342 0.9395833611488342 
6 0.8021748890314484 0.9395833611488342 0.9395833611488342 
7 0.8148457849747501 0.9395833611488342 0.9395833611488342 
8 0.8380025238293456 0.9395833611488342 0.9395833611488342 
9 0.8339192766288761 0.9416666626930237 0.9416666626930237 
10 0.8327758907835232 0.9437500238418579 0.9437500238418579 
11 0.8447204740950838 0.9437500238418579 0.9437500238418579 
12 0.8480590976032545 0.9437500238418579 0.9437500238418579 
13 0.85622356597014 0.9437500238418579 0.9437500238418579 
14 0.8635620232380461 0.9437500238418579 0.9437500238418579 
15 0.8592956618012977 0.9437500238418579 0.9437500238418579 
16 0.8697692976420512 0.9437500238418579 0.9437500238418579 
17 0.8704142391579808 0.9437500238418579 0.9437500238418579 
18 0.8702352026011795 0.9458333253860474 0.9458333253860474 
19 0.8757792303767928 0.9458333253860474 0.9458333253860474 
20 0.8787719883694081 0.9458333253860474 0.9458333253860474 
21 0.8793599602468021 0.9458333253860474 0.9458333253860474 
22 0.8907267397153191 0.9458333253860474 0.9458333253860474 
23 0.8907369087901316 0.9479166865348816 0.9479166865348816 
24 0.8864502003380039 0.9479166865348816 0.9479166865348816 
25 0.8915140798999346 0.9479166865348816 0.9479166865348816 
26 0.895581056476658 0.9479166865348816 0.9479166865348816 
27 0.8961507223539229 0.949999988079071 0.949999988079071 
28 0.909702566681517 0.949999988079071 0.949999988079071 
29 0.9096130505640758 0.949999988079071 0.949999988079071 
30 0.907938651915174 0.9541666507720947 0.9541666507720947 
31 0.9073689883807674 0.9541666507720947 0.9541666507720947 
32 0.9053405801241752 0.9541666507720947 0.9541666507720947 
33 0.9095560688583646 0.9541666507720947 0.9541666507720947 
34 0.9101949008181691 0.9541666507720947 0.9541666507720947 
35 0.9130635506589897 0.9541666507720947 0.9541666507720947 
36 0.9109659750247374 0.9541666507720947 0.9541666507720947 
37 0.9117818125232588 0.9541666507720947 0.9541666507720947 
38 0.9126668211247306 0.9541666507720947 0.9541666507720947 
39 0.9186869215918705 0.9541666507720947 0.9541666507720947 
40 0.9083068756444845 0.9541666507720947 0.9541666507720947 
41 0.9151611250126734 0.9541666507720947 0.9541666507720947 
42 0.9197082431637682 0.9541666507720947 0.9541666507720947 
43 0.9214945404964965 0.9541666507720947 0.9541666507720947 
44 0.918357332207961 0.9541666507720947 0.9541666507720947 
45 0.919171134060889 0.9541666507720947 0.9541666507720947 
46 0.9143290113133844 0.9541666507720947 0.9541666507720947 
47 0.9188964759232476 0.9541666507720947 0.9541666507720947 
48 0.9177307045029011 0.9541666507720947 0.9541666507720947 
49 0.9146647046145517 0.9541666507720947 0.9541666507720947 
50 0.9131652746873442 0.9541666507720947 0.9541666507720947 
