0 0.47020466363755986 0.7270833253860474 0.7270833253860474 
1 0.5099304120376473 0.7520833611488342 0.7520833611488342 
2 0.5367004305444425 0.9041666388511658 0.9041666388511658 
3 0.5747131311218254 0.9041666388511658 0.9041666388511658 
4 0.6229614233743632 0.9041666388511658 0.9041666388511658 
5 0.6935261997496127 0.9041666388511658 0.9041666388511658 
6 0.7591959492419846 0.925000011920929 0.925000011920929 
7 0.8017923781299032 0.925000011920929 0.925000011920929 
8 0.8117248349662987 0.925000011920929 0.925000011920929 
9 0.8267069439971237 0.9333333373069763 0.9333333373069763 
10 0.8186218327828101 0.9375 0.9375 
11 0.8274821030790918 0.9375 0.9375 
12 0.833607996632054 0.9375 0.9375 
13 0.8215087899952778 0.9395833611488342 0.9395833611488342 
14 0.8294962548316107 0.9395833611488342 0.9395833611488342 
15 0.8343282020105107 0.9395833611488342 0.9395833611488342 
16 0.8502746585945715 0.9395833611488342 0.9395833611488342 
17 0.8549316489552439 0.9416666626930237 0.9416666626930237 
18 0.83986003883183 0.9458333253860474 0.9458333253860474 
19 0.8380493310687598 0.9458333253860474 0.9458333253860474 
20 0.8440389140887419 0.9458333253860474 0.9458333253860474 
21 0.8539734009245876 0.9479166865348816 0.9479166865348816 
22 0.8519144757519825 0.9479166865348816 0.9479166865348816 
23 0.8573649098434544 0.9479166865348816 0.9479166865348816 
24 0.8501464824767027 0.9479166865348816 0.9479166865348816 
25 0.8666910825158993 0.9479166865348816 0.9479166865348816 
26 0.8763773663740722 0.9479166865348816 0.9479166865348816 
27 0.883732107191463 0.949999988079071 0.949999988079071 
28 0.8831176871462958 0.949999988079071 0.949999988079071 
29 0.8878296006587334 0.9520833492279053 0.9520833492279053 
30 0.8803650000627385 0.9520833492279053 0.9520833492279053 
31 0.8883707740169484 0.9520833492279053 0.9520833492279053 
32 0.8973876954405569 0.9520833492279053 0.9520833492279053 
33 0.9013732921011979 0.9520833492279053 0.9520833492279053 
34 0.9030761783651542 0.9520833492279053 0.9520833492279053 
35 0.9037211175236735 0.9520833492279053 0.9520833492279053 
36 0.9037557042611297 0.9541666507720947 0.9541666507720947 
37 0.9021464099641889 0.9541666507720947 0.9541666507720947 
38 0.9087341380945873 0.956250011920929 0.956250011920929 
39 0.9043619851872791 0.956250011920929 0.956250011920929 
40 0.9067627008480486 0.956250011920929 0.956250011920929 
41 0.9152099620550871 0.956250011920929 0.956250011920929 
42 0.913830565783428 0.956250011920929 0.956250011920929 
43 0.9166320827789605 0.956250011920929 0.956250011920929 
44 0.9128458710765699 0.956250011920929 0.956250011920929 
45 0.9184550025966018 0.956250011920929 0.956250011920929 
46 0.9217447984119644 0.9583333134651184 0.9583333134651184 
47 0.9184387266286649 0.9583333134651184 0.9583333134651184 
48 0.9183980372908991 0.9583333134651184 0.9583333134651184 
49 0.9248860734223854 0.9583333134651184 0.9583333134651184 
50 0.9191446981421905 0.9583333134651184 0.9583333134651184 
