0 0.4708292566356249 0.6041666865348816 0.6041666865348816 
1 0.5097452708287165 0.7729166746139526 0.7729166746139526 
2 0.5283691311924485 0.925000011920929 0.925000011920929 
3 0.5515157028276008 0.9333333373069763 0.9333333373069763 
4 0.6017842584842583 0.9333333373069763 0.9333333373069763 
5 0.6611531546514016 0.9395833611488342 0.9395833611488342 
6 0.7051472962411935 0.9395833611488342 0.9395833611488342 
7 0.7410746251844103 0.9395833611488342 0.9395833611488342 
8 0.7630371089107939 0.9416666626930237 0.9416666626930237 
9 0.7808593734589522 0.9395833611488342 0.9416666626930237 
10 0.8111206067842431 0.9395833611488342 0.9416666626930237 
11 0.8235880618121882 0.9416666626930237 0.9416666626930237 
12 0.8365824507491197 0.9416666626930237 0.9416666626930237 
13 0.8556661119873752 0.9416666626930237 0.9416666626930237 
14 0.8583211411605589 0.9416666626930237 0.9416666626930237 
15 0.8498148701582977 0.9416666626930237 0.9416666626930237 
16 0.8708455444721039 0.9416666626930237 0.9416666626930237 
17 0.8691792759054806 0.9416666626930237 0.9416666626930237 
18 0.8766194597119465 0.9416666626930237 0.9416666626930237 
19 0.8788085879059508 0.9416666626930237 0.9416666626930237 
20 0.8860127702064347 0.9416666626930237 0.9416666626930237 
21 0.8906717872596346 0.9416666626930237 0.9416666626930237 
22 0.8863749128358904 0.9416666626930237 0.9416666626930237 
23 0.889402256172616 0.9416666626930237 0.9416666626930237 
24 0.8876729265612084 0.9416666626930237 0.9416666626930237 
25 0.8930155385023681 0.9416666626930237 0.9416666626930237 
26 0.8916178327635862 0.9437500238418579 0.9437500238418579 
27 0.8888631133595482 0.9437500238418579 0.9437500238418579 
28 0.8949157689748972 0.9458333253860474 0.9458333253860474 
29 0.8775166849845846 0.9458333253860474 0.9458333253860474 
30 0.8820475341453857 0.9458333253860474 0.9458333253860474 
31 0.8586283435142832 0.9479166865348816 0.9479166865348816 
32 0.8812459327673423 0.9479166865348816 0.9479166865348816 
33 0.8744689913582988 0.9479166865348816 0.9479166865348816 
34 0.8794596331135835 0.9479166865348816 0.9479166865348816 
35 0.8855244978331029 0.949999988079071 0.949999988079071 
36 0.8907165600321605 0.949999988079071 0.949999988079071 
37 0.8914347417266981 0.949999988079071 0.949999988079071 
38 0.8929870689680683 0.949999988079071 0.949999988079071 
39 0.8949788480676943 0.949999988079071 0.949999988079071 
40 0.8968058292375645 0.949999988079071 0.949999988079071 
41 0.9004068990398082 0.9520833492279053 0.9520833492279053 
42 0.9039794881391572 0.9520833492279053 0.9520833492279053 
43 0.9058614052846679 0.9520833492279053 0.9520833492279053 
44 0.9112548808916472 0.9520833492279053 0.9520833492279053 
45 0.9080342625384219 0.9520833492279053 0.9520833492279053 
46 0.9054016178706661 0.9520833492279053 0.9520833492279053 
47 0.9095316646562424 0.9520833492279053 0.9520833492279053 
48 0.9141947514399362 0.9520833492279053 0.9520833492279053 
49 0.9080464764265344 0.9520833492279053 0.9520833492279053 
50 0.9120442794119299 0.9520833492279053 0.9520833492279053 
