0 0.46919758347212337 0.6395833492279053 0.6395833492279053 
1 0.5047851483977865 0.7270833253860474 0.7270833253860474 
2 0.5231689346837811 0.7604166865348816 0.7604166865348816 
3 0.5466389917419292 0.8541666865348816 0.8541666865348816 
4 0.5780253087868914 0.8583333492279053 0.8583333492279053 
5 0.6109741201653378 0.8666666746139526 0.8666666746139526 
6 0.6564412410371006 0.9354166388511658 0.9354166388511658 
7 0.6983093265880598 0.9375 0.9375 
8 0.7217244470521109 0.9375 0.9375 
9 0.7510253875661874 0.9395833611488342 0.9395833611488342 
10 0.7761698316899128 0.9395833611488342 0.9395833611488342 
11 0.7910502043050656 0.9395833611488342 0.9395833611488342 
12 0.807480872987071 0.9395833611488342 0.9395833611488342 
13 0.8059590665725409 0.9395833611488342 0.9395833611488342 
14 0.8077575736679137 0.9395833611488342 0.9395833611488342 
15 0.8054321361960319 0.9395833611488342 0.9395833611488342 
16 0.8209167577624612 0.9416666626930237 0.9416666626930237 
17 0.8367981069604866 0.9416666626930237 0.9416666626930237 
18 0.8327026471670251 0.9416666626930237 0.9416666626930237 
19 0.8535563244731748 0.9416666626930237 0.9416666626930237 
20 0.8926778208551696 0.9416666626930237 0.9416666626930237 
21 0.9048990890878486 0.9416666626930237 0.9416666626930237 
22 0.9066080727570807 0.9416666626930237 0.9416666626930237 
23 0.9128784180647926 0.9416666626930237 0.9416666626930237 
24 0.9069742836218211 0.9416666626930237 0.9416666626930237 
25 0.9128194178119884 0.9416666626930237 0.9416666626930237 
26 0.9123392740439158 0.9416666626930237 0.9416666626930237 
27 0.9098409017969971 0.9416666626930237 0.9416666626930237 
28 0.9107035320193972 0.9416666626930237 0.9416666626930237 
29 0.9133707686123671 0.9416666626930237 0.9416666626930237 
30 0.9064961747790221 0.9416666626930237 0.9416666626930237 
31 0.9066385907644872 0.9416666626930237 0.9416666626930237 
32 0.9147338871844113 0.9458333253860474 0.9458333253860474 
33 0.9113301600227715 0.9458333253860474 0.9458333253860474 
34 0.906014001564472 0.9458333253860474 0.9458333253860474 
35 0.9013997512338392 0.9479166865348816 0.9479166865348816 
36 0.9082275514156208 0.9479166865348816 0.9479166865348816 
37 0.906665045349655 0.9479166865348816 0.9479166865348816 
38 0.9233642596227583 0.9479166865348816 0.9479166865348816 
39 0.91780599347112 0.9479166865348816 0.9479166865348816 
40 0.9172465108567849 0.9479166865348816 0.9479166865348816 
41 0.9166463324290817 0.9479166865348816 0.9479166865348816 
42 0.9173034783525509 0.9479166865348816 0.9479166865348816 
43 0.919002290458593 0.9479166865348816 0.9479166865348816 
44 0.9205831006765948 0.949999988079071 0.949999988079071 
45 0.9203470984903106 0.949999988079071 0.949999988079071 
46 0.9245564893572009 0.949999988079071 0.949999988079071 
47 0.9170410256665491 0.949999988079071 0.949999988079071 
48 0.9168477423590957 0.949999988079071 0.949999988079071 
49 0.9144042944608373 0.949999988079071 0.949999988079071 
50 0.921960445237346 0.949999988079071 0.949999988079071 
