0 0.46628010350104887 0.6270833611488342 0.6270833611488342 
1 0.5055440208234359 0.7541666626930237 0.7541666626930237 
2 0.5261250739713432 0.7541666626930237 0.7541666626930237 
3 0.5416544573818101 0.7541666626930237 0.7541666626930237 
4 0.5679585770558333 0.9333333373069763 0.9333333373069763 
5 0.6083719870075583 0.9333333373069763 0.9333333373069763 
6 0.6592468226881465 0.9354166388511658 0.9354166388511658 
7 0.7114461218079668 0.9395833611488342 0.9395833611488342 
8 0.7758626266586361 0.9395833611488342 0.9395833611488342 
9 0.7924580839608097 0.9395833611488342 0.9395833611488342 
10 0.81533812842099 0.9437500238418579 0.9437500238418579 
11 0.8341410298016854 0.9437500238418579 0.9437500238418579 
12 0.8513224335947598 0.9437500238418579 0.9437500238418579 
13 0.8703186098500737 0.9437500238418579 0.9437500238418579 
14 0.8652954125718679 0.9437500238418579 0.9437500238418579 
15 0.86722412335439 0.9437500238418579 0.9437500238418579 
16 0.8714274141530041 0.9437500238418579 0.9437500238418579 
17 0.8872294166649226 0.9437500238418579 0.9437500238418579 
18 0.884185797884129 0.9437500238418579 0.9437500238418579 
19 0.8774210682604462 0.9458333253860474 0.9458333253860474 
20 0.8929158606333658 0.9458333253860474 0.9458333253860474 
21 0.8850463950948324 0.9458333253860474 0.9458333253860474 
22 0.8874186272732913 0.9479166865348816 0.9479166865348816 
23 0.8899292030837387 0.9479166865348816 0.9479166865348816 
24 0.8936706550593954 0.9479166865348816 0.9479166865348816 
25 0.8893493653667974 0.9479166865348816 0.9479166865348816 
26 0.8990905814353027 0.9479166865348816 0.9479166865348816 
27 0.8821024671924533 0.9479166865348816 0.9479166865348816 
28 0.8822021600790322 0.9479166865348816 0.9479166865348816 
29 0.8835530717187794 0.9479166865348816 0.9479166865348816 
30 0.8920389948470984 0.9479166865348816 0.9479166865348816 
31 0.8953633761411766 0.9479166865348816 0.9479166865348816 
32 0.8906758751691086 0.9479166865348816 0.9479166865348816 
33 0.8943603650914156 0.9479166865348816 0.9479166865348816 
34 0.8945861943793716 0.9479166865348816 0.9479166865348816 
35 0.8881062964501325 0.9479166865348816 0.9479166865348816 
36 0.8969055313500576 0.9479166865348816 0.9479166865348816 
37 0.8949707170686452 0.9479166865348816 0.9479166865348816 
38 0.8995544578501722 0.949999988079071 0.949999988079071 
39 0.8953003063797951 0.949999988079071 0.949999988079071 
40 0.9004191219864879 0.949999988079071 0.949999988079071 
41 0.8947896450990811 0.949999988079071 0.949999988079071 
42 0.9023193464963697 0.949999988079071 0.949999988079071 
43 0.8982523638405837 0.949999988079071 0.949999988079071 
44 0.9013081842131214 0.949999988079071 0.949999988079071 
45 0.8961364685092121 0.949999988079071 0.949999988079071 
46 0.9073547299485654 0.949999988079071 0.949999988079071 
47 0.9032755462103523 0.949999988079071 0.949999988079071 
48 0.9023783291049767 0.949999988079071 0.949999988079071 
49 0.8961120526364539 0.949999988079071 0.949999988079071 
50 0.9094380622846074 0.949999988079071 0.949999988079071 
