0 0.4703430100926198 0.7958333492279053 0.7958333492279053 
1 0.506034334510332 0.8416666388511658 0.8416666388511658 
2 0.536142974269751 0.925000011920929 0.925000011920929 
3 0.5764689071875182 0.925000011920929 0.925000011920929 
4 0.650014236663992 0.925000011920929 0.925000011920929 
5 0.7194437584839761 0.925000011920929 0.925000011920929 
6 0.757175693019235 0.9333333373069763 0.9333333373069763 
7 0.7723042743746191 0.9333333373069763 0.9333333373069763 
8 0.7891398073843447 0.9395833611488342 0.9395833611488342 
9 0.7963195790944155 0.9395833611488342 0.9395833611488342 
10 0.8321980782857281 0.9395833611488342 0.9395833611488342 
11 0.8528483074551332 0.9395833611488342 0.9395833611488342 
12 0.8560831761424197 0.9416666626930237 0.9416666626930237 
13 0.8623616680561099 0.9416666626930237 0.9416666626930237 
14 0.8661214328203641 0.9437500238418579 0.9437500238418579 
15 0.868326834981417 0.9458333253860474 0.9458333253860474 
16 0.8757426010670315 0.9479166865348816 0.9479166865348816 
17 0.8779032421734883 0.9479166865348816 0.9479166865348816 
18 0.8784098378382623 0.9479166865348816 0.9479166865348816 
19 0.8723246331319388 0.9479166865348816 0.9479166865348816 
20 0.8690307706638123 0.9479166865348816 0.9479166865348816 
21 0.8872701131840586 0.9479166865348816 0.9479166865348816 
22 0.8867859007732477 0.9479166865348816 0.9479166865348816 
23 0.8864441046534921 0.9479166865348816 0.9479166865348816 
24 0.8956563435203861 0.9479166865348816 0.9479166865348816 
25 0.8950927871628664 0.9479166865348816 0.9479166865348816 
26 0.8992859009013046 0.9479166865348816 0.9479166865348816 
27 0.8913777798006777 0.9479166865348816 0.9479166865348816 
28 0.8957377256519976 0.9479166865348816 0.9479166865348816 
29 0.9008626443974208 0.9479166865348816 0.9479166865348816 
30 0.9018982074558153 0.9479166865348816 0.9479166865348816 
31 0.9027567683951929 0.9479166865348816 0.9479166865348816 
32 0.9046427547873463 0.9479166865348816 0.9479166865348816 
33 0.9011596817581449 0.9479166865348816 0.9479166865348816 
34 0.8964559054293204 0.9479166865348816 0.9479166865348816 
35 0.908013930398738 0.956250011920929 0.956250011920929 
36 0.9035034303669818 0.956250011920929 0.956250011920929 
37 0.9027445554092992 0.956250011920929 0.956250011920929 
38 0.9104146402969491 0.956250011920929 0.956250011920929 
39 0.9132100489514414 0.956250011920929 0.956250011920929 
40 0.8988444052884006 0.956250011920929 0.956250011920929 
41 0.9042338104045484 0.956250011920929 0.956250011920929 
42 0.9077189176605316 0.956250011920929 0.956250011920929 
43 0.9110799208283424 0.956250011920929 0.956250011920929 
44 0.9066101133357733 0.956250011920929 0.956250011920929 
45 0.9082906141702551 0.956250011920929 0.956250011920929 
46 0.907330327492673 0.956250011920929 0.956250011920929 
47 0.9073038790520513 0.956250011920929 0.956250011920929 
48 0.9082621313282289 0.956250011920929 0.956250011920929 
49 0.9113850965513848 0.956250011920929 0.956250011920929 
50 0.9119344129867386 0.956250011920929 0.956250011920929 
