0 0.46793212118791416 0.6291666626930237 0.6291666626930237 
1 0.5037678965018131 0.8062499761581421 0.8062499761581421 
2 0.5269185293727787 0.8062499761581421 0.8062499761581421 
3 0.5371134390152292 0.9083333611488342 0.9083333611488342 
4 0.5701985640189378 0.9104166626930237 0.9104166626930237 
5 0.6230733183328994 0.925000011920929 0.925000011920929 
6 0.6890380788463517 0.9333333373069763 0.9333333373069763 
7 0.7404215449205367 0.9395833611488342 0.9395833611488342 
8 0.7669331884171697 0.9395833611488342 0.9395833611488342 
9 0.7943481474285363 0.9395833611488342 0.9395833611488342 
10 0.8162434906189446 0.9395833611488342 0.9395833611488342 
11 0.8164794928525225 0.9395833611488342 0.9395833611488342 
12 0.8307841049099807 0.9395833611488342 0.9395833611488342 
13 0.8256856399202661 0.9395833611488342 0.9395833611488342 
14 0.8467122539295815 0.9395833611488342 0.9395833611488342 
15 0.844750991625915 0.9437500238418579 0.9437500238418579 
16 0.8517334148382361 0.9437500238418579 0.9437500238418579 
17 0.8519775557797402 0.9437500238418579 0.9437500238418579 
18 0.8615926283819135 0.9437500238418579 0.9437500238418579 
19 0.8589518382323149 0.9437500238418579 0.9437500238418579 
20 0.8687194969970733 0.9437500238418579 0.9437500238418579 
21 0.8620686981739709 0.9458333253860474 0.9458333253860474 
22 0.870475274627097 0.9437500238418579 0.9458333253860474 
23 0.8753926739154849 0.9437500238418579 0.9458333253860474 
24 0.8702921696531121 0.9437500238418579 0.9458333253860474 
25 0.8850301264319569 0.9437500238418579 0.9458333253860474 
26 0.8780110827065073 0.9458333253860474 0.9458333253860474 
27 0.8827392732200678 0.9458333253860474 0.9458333253860474 
28 0.8796529279497918 0.9458333253860474 0.9458333253860474 
29 0.8740153103135526 0.9458333253860474 0.9458333253860474 
30 0.8893107132171281 0.9479166865348816 0.9479166865348816 
31 0.8948893187625799 0.9479166865348816 0.9479166865348816 
32 0.8957214312395081 0.9479166865348816 0.9479166865348816 
33 0.8955464647297049 0.9479166865348816 0.9479166865348816 
34 0.90429687636788 0.9479166865348816 0.9479166865348816 
35 0.9034423938719556 0.9479166865348816 0.9479166865348816 
36 0.8990010712732328 0.9479166865348816 0.9479166865348816 
37 0.9004598118481226 0.9479166865348816 0.9479166865348816 
38 0.9036438127586734 0.9479166865348816 0.9479166865348816 
39 0.9057535939791705 0.9479166865348816 0.9479166865348816 
40 0.8979004044376779 0.9479166865348816 0.9479166865348816 
41 0.9020141735672951 0.9479166865348816 0.9479166865348816 
42 0.9083435201464454 0.9479166865348816 0.9479166865348816 
43 0.903965264587896 0.9479166865348816 0.9479166865348816 
44 0.9050333802879322 0.9479166865348816 0.9479166865348816 
45 0.9051859678293113 0.9479166865348816 0.9479166865348816 
46 0.9065958806313574 0.9479166865348816 0.9479166865348816 
47 0.9046569967176765 0.9479166865348816 0.9479166865348816 
48 0.9103068178228568 0.9479166865348816 0.9479166865348816 
49 0.8998433571541682 0.9479166865348816 0.9479166865348816 
50 0.9088562152755912 0.9479166865348816 0.9479166865348816 
