0 0.4709106373047689 0.925000011920929 0.925000011920929 
1 0.5139790776738664 0.925000011920929 0.925000011920929 
2 0.5393798743461957 0.925000011920929 0.925000011920929 
3 0.5874206503649475 0.925000011920929 0.925000011920929 
4 0.6639261873060605 0.9270833134651184 0.9270833134651184 
5 0.7316568991518579 0.9354166388511658 0.9354166388511658 
6 0.7646525059244595 0.9375 0.9375 
7 0.7895568839230691 0.9395833611488342 0.9395833611488342 
8 0.8125325483633787 0.9395833611488342 0.9395833611488342 
9 0.8149271592046716 0.9416666626930237 0.9416666626930237 
10 0.8285278268122056 0.9416666626930237 0.9416666626930237 
11 0.8370320658577839 0.9416666626930237 0.9416666626930237 
12 0.8433349701990664 0.9416666626930237 0.9416666626930237 
13 0.8420674735061766 0.9437500238418579 0.9437500238418579 
14 0.8635884665854974 0.9437500238418579 0.9437500238418579 
15 0.8785685233597178 0.9437500238418579 0.9437500238418579 
16 0.8841369642468635 0.9458333253860474 0.9458333253860474 
17 0.8863240619684802 0.9458333253860474 0.9458333253860474 
18 0.8864786868798546 0.9458333253860474 0.9458333253860474 
19 0.8907877683814149 0.9458333253860474 0.9458333253860474 
20 0.8972412164730486 0.9458333253860474 0.9458333253860474 
21 0.9019490568025503 0.9458333253860474 0.9458333253860474 
22 0.9088012687861919 0.9458333253860474 0.9458333253860474 
23 0.9170227030408569 0.9479166865348816 0.9479166865348816 
24 0.9047993962594774 0.9479166865348816 0.9479166865348816 
25 0.9096333806519397 0.9479166865348816 0.9479166865348816 
26 0.9035257977375295 0.9479166865348816 0.9479166865348816 
27 0.8972513890475966 0.9479166865348816 0.9479166865348816 
28 0.90412802179344 0.9479166865348816 0.9479166865348816 
29 0.9045369574450888 0.9520833492279053 0.9520833492279053 
30 0.9104858512218925 0.9520833492279053 0.9520833492279053 
31 0.9002299083804246 0.9520833492279053 0.9520833492279053 
32 0.8989054412231781 0.9520833492279053 0.9520833492279053 
33 0.8989969901158474 0.9520833492279053 0.9520833492279053 
34 0.9015401247161208 0.956250011920929 0.956250011920929 
35 0.9013102286116919 0.956250011920929 0.956250011920929 
36 0.9023213784093969 0.956250011920929 0.956250011920929 
37 0.9124206627893727 0.956250011920929 0.956250011920929 
38 0.9069254629721399 0.956250011920929 0.956250011920929 
39 0.9048848527600057 0.956250011920929 0.956250011920929 
40 0.909240724722622 0.956250011920929 0.956250011920929 
41 0.8985107433982193 0.956250011920929 0.956250011920929 
42 0.9098185266775545 0.956250011920929 0.956250011920929 
43 0.9043660539027769 0.956250011920929 0.956250011920929 
44 0.9088582423282787 0.956250011920929 0.956250011920929 
45 0.9046630918746814 0.956250011920929 0.956250011920929 
46 0.9087626199616352 0.956250011920929 0.956250011920929 
47 0.9029947969829664 0.956250011920929 0.956250011920929 
48 0.9117268940026406 0.956250011920929 0.956250011920929 
49 0.9068094951799139 0.956250011920929 0.956250011920929 
50 0.9164591533772182 0.956250011920929 0.956250011920929 
