0 0.4695861742948182 0.7104166746139526 0.7104166746139526 
1 0.5045267675595824 0.7437499761581421 0.7437499761581421 
2 0.520495597666013 0.9104166626930237 0.9104166626930237 
3 0.5487914998957422 0.9145833253860474 0.9145833253860474 
4 0.5911560018867021 0.9145833253860474 0.9145833253860474 
5 0.6354878716301755 0.9145833253860474 0.9145833253860474 
6 0.6693888316149241 0.925000011920929 0.925000011920929 
7 0.7085835762773058 0.925000011920929 0.925000011920929 
8 0.7342427580369986 0.9270833134651184 0.9270833134651184 
9 0.7546671559539391 0.9354166388511658 0.9354166388511658 
10 0.7536743147866218 0.9395833611488342 0.9395833611488342 
11 0.7865722643691697 0.9395833611488342 0.9395833611488342 
12 0.7955769825784955 0.9416666626930237 0.9416666626930237 
13 0.8117614713919465 0.9416666626930237 0.9416666626930237 
14 0.8362263986346079 0.9416666626930237 0.9416666626930237 
15 0.8469828346132999 0.9437500238418579 0.9437500238418579 
16 0.8489624039975752 0.9437500238418579 0.9437500238418579 
17 0.856927487631765 0.9458333253860474 0.9458333253860474 
18 0.8575825982770766 0.9458333253860474 0.9458333253860474 
19 0.8591593417368131 0.9458333253860474 0.9458333253860474 
20 0.8688090014475165 0.9458333253860474 0.9458333253860474 
21 0.8800760881276801 0.9458333253860474 0.9458333253860474 
22 0.8807617129641585 0.9479166865348816 0.9479166865348816 
23 0.8872456822136883 0.9458333253860474 0.9479166865348816 
24 0.8869242300861515 0.9458333253860474 0.9479166865348816 
25 0.8913370714872144 0.9458333253860474 0.9479166865348816 
26 0.8831420840870123 0.9458333253860474 0.9479166865348816 
27 0.9000854434561916 0.9479166865348816 0.9479166865348816 
28 0.8940897578431759 0.9479166865348816 0.9479166865348816 
29 0.8985066690074746 0.9479166865348816 0.9479166865348816 
30 0.8926981589174829 0.949999988079071 0.949999988079071 
31 0.8986775749144726 0.949999988079071 0.949999988079071 
32 0.9010009846824687 0.949999988079071 0.949999988079071 
33 0.9075012297835201 0.949999988079071 0.949999988079071 
34 0.9013061600853689 0.949999988079071 0.949999988079071 
35 0.9065266990073724 0.9520833492279053 0.9520833492279053 
36 0.8974507677194197 0.9520833492279053 0.9520833492279053 
37 0.9030680324503919 0.9520833492279053 0.9520833492279053 
38 0.9071879036346218 0.9520833492279053 0.9520833492279053 
39 0.9040120439167367 0.9541666507720947 0.9541666507720947 
40 0.905647789419163 0.9541666507720947 0.9541666507720947 
41 0.9052347882243339 0.9541666507720947 0.9541666507720947 
42 0.9089823458052706 0.9541666507720947 0.9541666507720947 
43 0.9073628771584481 0.956250011920929 0.956250011920929 
44 0.8959838848677464 0.956250011920929 0.956250011920929 
45 0.8983439072035253 0.956250011920929 0.956250011920929 
46 0.9134643499855883 0.956250011920929 0.956250011920929 
47 0.9140340150624979 0.956250011920929 0.956250011920929 
48 0.906840009149164 0.956250011920929 0.956250011920929 
49 0.909924320425489 0.9583333134651184 0.9583333134651184 
50 0.918790694035124 0.9583333134651184 0.9583333134651184 
