0 0.46659748602542095 0.6416666507720947 0.6416666507720947 
1 0.5067993085540365 0.7437499761581421 0.7437499761581421 
2 0.5241373598983046 0.7437499761581421 0.7437499761581421 
3 0.5385864199488424 0.7875000238418579 0.7875000238418579 
4 0.5701822886185255 0.918749988079071 0.918749988079071 
5 0.6086161255952902 0.9354166388511658 0.9354166388511658 
6 0.6343933037278475 0.9354166388511658 0.9354166388511658 
7 0.6697407968895277 0.9354166388511658 0.9354166388511658 
8 0.7111653593819938 0.9354166388511658 0.9354166388511658 
9 0.7623575748802978 0.9375 0.9375 
10 0.7895243144594133 0.9375 0.9375 
11 0.7990356241061818 0.9375 0.9375 
12 0.8254780920397025 0.9375 0.9375 
13 0.8228902105474845 0.9375 0.9375 
14 0.831634517016937 0.9375 0.9375 
15 0.8324605261732358 0.9375 0.9375 
16 0.8240173294761917 0.9375 0.9375 
17 0.8439331021945691 0.9395833611488342 0.9395833611488342 
18 0.8388875295349862 0.9395833611488342 0.9395833611488342 
19 0.8499816885305336 0.9395833611488342 0.9395833611488342 
20 0.8506123913903139 0.9395833611488342 0.9395833611488342 
21 0.8639933434569684 0.9395833611488342 0.9395833611488342 
22 0.8567911963364168 0.9395833611488342 0.9395833611488342 
23 0.8585368017556902 0.9395833611488342 0.9395833611488342 
24 0.8642354515723127 0.9458333253860474 0.9458333253860474 
25 0.8630452655670524 0.9479166865348816 0.9479166865348816 
26 0.8527079437080829 0.9479166865348816 0.9479166865348816 
27 0.8634318183976575 0.9479166865348816 0.9479166865348816 
28 0.8569478436256759 0.9479166865348816 0.9479166865348816 
29 0.8536987357110775 0.9479166865348816 0.9479166865348816 
30 0.8607218514080159 0.9479166865348816 0.9479166865348816 
31 0.8638712667161599 0.9479166865348816 0.9479166865348816 
32 0.8495341087982524 0.9479166865348816 0.9479166865348816 
33 0.8624003211007221 0.949999988079071 0.949999988079071 
34 0.8628763947344851 0.9520833492279053 0.9520833492279053 
35 0.8746541444415925 0.9520833492279053 0.9520833492279053 
36 0.8752360099642829 0.9520833492279053 0.9520833492279053 
37 0.8868570971681038 0.9520833492279053 0.9520833492279053 
38 0.9010681173967896 0.9520833492279053 0.9520833492279053 
39 0.9015950588945998 0.9520833492279053 0.9520833492279053 
40 0.9062601814657683 0.9520833492279053 0.9520833492279053 
41 0.9037353598105256 0.9520833492279053 0.9520833492279053 
42 0.9038533610873856 0.9520833492279053 0.9520833492279053 
43 0.9078715095238294 0.9541666507720947 0.9541666507720947 
44 0.9166280197241576 0.9541666507720947 0.9541666507720947 
45 0.9125000081548933 0.956250011920929 0.956250011920929 
46 0.9046936105733039 0.956250011920929 0.956250011920929 
47 0.9027303106704494 0.956250011920929 0.956250011920929 
48 0.9027770989778219 0.956250011920929 0.956250011920929 
49 0.9069498657190707 0.956250011920929 0.956250011920929 
50 0.9147216814890271 0.956250011920929 0.956250011920929 
