0 0.4698221767466748 0.6499999761581421 0.6499999761581421 
1 0.5095235108456109 0.7395833134651184 0.7395833134651184 
2 0.5273315325612202 0.75 0.75 
3 0.5400512634587358 0.7833333611488342 0.7833333611488342 
4 0.5712544727721252 0.8999999761581421 0.8999999761581421 
5 0.6021240210320684 0.9125000238418579 0.9125000238418579 
6 0.6535318987807841 0.9270833134651184 0.9270833134651184 
7 0.7064615842100466 0.9312499761581421 0.9312499761581421 
8 0.7610046320332913 0.9354166388511658 0.9354166388511658 
9 0.7737833610299276 0.9375 0.9375 
10 0.8012064573558746 0.9375 0.9375 
11 0.8135213134737569 0.9395833611488342 0.9395833611488342 
12 0.8346374403627124 0.9395833611488342 0.9395833611488342 
13 0.8285868227758328 0.9395833611488342 0.9395833611488342 
14 0.8353271425366984 0.9395833611488342 0.9395833611488342 
15 0.8343709294276778 0.9395833611488342 0.9395833611488342 
16 0.8198120147935697 0.9395833611488342 0.9395833611488342 
17 0.8241088947543176 0.9416666626930237 0.9416666626930237 
18 0.8331421000220871 0.9416666626930237 0.9416666626930237 
19 0.8595275982406747 0.9416666626930237 0.9416666626930237 
20 0.8599873901039246 0.9416666626930237 0.9416666626930237 
21 0.8818664542595798 0.9416666626930237 0.9416666626930237 
22 0.8838643378076085 0.9416666626930237 0.9416666626930237 
23 0.8761840801234939 0.9437500238418579 0.9437500238418579 
24 0.8845458974210487 0.9458333253860474 0.9458333253860474 
25 0.878637694491772 0.9458333253860474 0.9458333253860474 
26 0.881760662272427 0.9458333253860474 0.9458333253860474 
27 0.8753560451586964 0.9479166865348816 0.9479166865348816 
28 0.8695861901760509 0.9479166865348816 0.9479166865348816 
29 0.8747640023939312 0.9479166865348816 0.9479166865348816 
30 0.8799906414496945 0.949999988079071 0.949999988079071 
31 0.8865966828852834 0.949999988079071 0.949999988079071 
32 0.9127848398056813 0.949999988079071 0.949999988079071 
33 0.9119323801969585 0.949999988079071 0.949999988079071 
34 0.9037455211218912 0.9520833492279053 0.9520833492279053 
35 0.901131178423384 0.9520833492279053 0.9520833492279053 
36 0.9090555775619578 0.9520833492279053 0.9520833492279053 
37 0.9091247568285326 0.956250011920929 0.956250011920929 
38 0.9079630616543 0.956250011920929 0.956250011920929 
39 0.9104675385242444 0.9583333134651184 0.9583333134651184 
40 0.9090840721328277 0.9583333134651184 0.9583333134651184 
41 0.9123128274222836 0.9583333134651184 0.9583333134651184 
42 0.9161234547500499 0.9583333134651184 0.9583333134651184 
43 0.912221270147711 0.9604166746139526 0.9604166746139526 
44 0.9132690344413277 0.9604166746139526 0.9604166746139526 
45 0.910791007016087 0.9604166746139526 0.9604166746139526 
46 0.9133870367513737 0.9604166746139526 0.9604166746139526 
47 0.9137329077420873 0.9604166746139526 0.9604166746139526 
48 0.9152608262666035 0.9604166746139526 0.9604166746139526 
49 0.920861820311984 0.9604166746139526 0.9604166746139526 
50 0.9226216681126971 0.9604166746139526 0.9604166746139526 
