0 0.468717440176988 0.6833333373069763 0.6833333373069763 
1 0.5052652904851129 0.7041666507720947 0.7041666507720947 
2 0.5215860883472487 0.7437499761581421 0.7437499761581421 
3 0.5300516670104116 0.7437499761581421 0.7437499761581421 
4 0.5633402451057918 0.925000011920929 0.925000011920929 
5 0.6074279749591369 0.9270833134651184 0.9270833134651184 
6 0.673069252356072 0.9270833134651184 0.9270833134651184 
7 0.7469665525495657 0.9312499761581421 0.9312499761581421 
8 0.7718566889452632 0.9312499761581421 0.9312499761581421 
9 0.7866353259014431 0.9312499761581421 0.9312499761581421 
10 0.8076741414188291 0.9375 0.9375 
11 0.805824776092777 0.9395833611488342 0.9395833611488342 
12 0.8120727408750099 0.9416666626930237 0.9416666626930237 
13 0.8367146665914333 0.9416666626930237 0.9416666626930237 
14 0.8360209017191664 0.9416666626930237 0.9416666626930237 
15 0.8416951471772336 0.9458333253860474 0.9458333253860474 
16 0.8553731307183625 0.9458333253860474 0.9458333253860474 
17 0.8681335450746701 0.9458333253860474 0.9458333253860474 
18 0.8813883497641655 0.9458333253860474 0.9458333253860474 
19 0.8775065150985029 0.9479166865348816 0.9479166865348816 
20 0.8855000820549321 0.949999988079071 0.949999988079071 
21 0.8823771142415353 0.949999988079071 0.949999988079071 
22 0.8869181313712033 0.949999988079071 0.949999988079071 
23 0.8870015449865605 0.949999988079071 0.949999988079071 
24 0.8900553323474014 0.949999988079071 0.949999988079071 
25 0.8948079372785287 0.949999988079071 0.949999988079071 
26 0.8896138446652913 0.9520833492279053 0.9520833492279053 
27 0.8890340112629929 0.9520833492279053 0.9520833492279053 
28 0.8986409437929979 0.9520833492279053 0.9520833492279053 
29 0.8945902445266256 0.9520833492279053 0.9520833492279053 
30 0.9086852976761293 0.9520833492279053 0.9520833492279053 
31 0.9016174283751752 0.9520833492279053 0.9520833492279053 
32 0.9092508949761395 0.9520833492279053 0.9520833492279053 
33 0.8959411665018706 0.9520833492279053 0.9520833492279053 
34 0.9024434464517981 0.9520833492279053 0.9520833492279053 
35 0.9104756733795512 0.9520833492279053 0.9520833492279053 
36 0.9070210832651355 0.9583333134651184 0.9583333134651184 
37 0.8910746306319197 0.9583333134651184 0.9583333134651184 
38 0.910404463436862 0.9583333134651184 0.9583333134651184 
39 0.9082722980965627 0.9583333134651184 0.9583333134651184 
40 0.9052713960991241 0.9583333134651184 0.9583333134651184 
41 0.9092061256233137 0.9583333134651184 0.9583333134651184 
42 0.9110209050704725 0.9583333134651184 0.9583333134651184 
43 0.8977172752202023 0.9583333134651184 0.9583333134651184 
44 0.9052795318712015 0.9583333134651184 0.9583333134651184 
45 0.9087483616312966 0.9583333134651184 0.9583333134651184 
46 0.9002624402419315 0.9583333134651184 0.9583333134651184 
47 0.9104186914337333 0.9604166746139526 0.9604166746139526 
48 0.910504143073922 0.9604166746139526 0.9604166746139526 
49 0.9141560842690524 0.9604166746139526 0.9604166746139526 
50 0.9118509928812273 0.9604166746139526 0.9604166746139526 
