0 0.47016804220038466 0.7104166746139526 0.7104166746139526 
1 0.5030090252694208 0.731249988079071 0.731249988079071 
2 0.5205098366714083 0.9083333611488342 0.9083333611488342 
3 0.5498982701974455 0.9333333373069763 0.9333333373069763 
4 0.6406392433927977 0.9333333373069763 0.9333333373069763 
5 0.7433675175489043 0.9333333373069763 0.9333333373069763 
6 0.7842061398914666 0.9354166388511658 0.9354166388511658 
7 0.7967183431610465 0.9395833611488342 0.9395833611488342 
8 0.8309244783595204 0.9395833611488342 0.9395833611488342 
9 0.8341654427349567 0.9395833611488342 0.9395833611488342 
10 0.8420878059987444 0.9395833611488342 0.9395833611488342 
11 0.8669799919080106 0.9416666626930237 0.9416666626930237 
12 0.8626098791137338 0.9416666626930237 0.9416666626930237 
13 0.8771342127874959 0.9416666626930237 0.9416666626930237 
14 0.882130954938475 0.9416666626930237 0.9416666626930237 
15 0.8877441464865115 0.9437500238418579 0.9437500238418579 
16 0.8937845867912984 0.9437500238418579 0.9437500238418579 
17 0.8940511055989191 0.9437500238418579 0.9437500238418579 
18 0.8923034679319244 0.9437500238418579 0.9437500238418579 
19 0.9004069094953593 0.9437500238418579 0.9437500238418579 
20 0.9028483210713603 0.9437500238418579 0.9437500238418579 
21 0.9166931311483495 0.9437500238418579 0.9437500238418579 
22 0.8972046039416455 0.9437500238418579 0.9437500238418579 
23 0.9058858391363174 0.9437500238418579 0.9437500238418579 
24 0.9035013987449929 0.9437500238418579 0.9437500238418579 
25 0.9084737302910071 0.9437500238418579 0.9437500238418579 
26 0.9071736811310984 0.9437500238418579 0.9437500238418579 
27 0.905474868544843 0.9479166865348816 0.9479166865348816 
28 0.9130289877648465 0.9479166865348816 0.9479166865348816 
29 0.9091390123357996 0.9479166865348816 0.9479166865348816 
30 0.9032348769251257 0.9479166865348816 0.9479166865348816 
31 0.8943074663111474 0.9479166865348816 0.9479166865348816 
32 0.8916626097925473 0.9479166865348816 0.9479166865348816 
33 0.8997924932045862 0.9479166865348816 0.9479166865348816 
34 0.8917541626142338 0.9479166865348816 0.9479166865348816 
35 0.8970906702743378 0.9479166865348816 0.9479166865348816 
36 0.8908630496298429 0.9479166865348816 0.9479166865348816 
37 0.89484254134004 0.949999988079071 0.949999988079071 
38 0.892313649848802 0.949999988079071 0.949999988079071 
39 0.8935974193409493 0.949999988079071 0.949999988079071 
40 0.8896809891739395 0.949999988079071 0.949999988079071 
41 0.8843973754846957 0.949999988079071 0.949999988079071 
42 0.8890726678655483 0.949999988079071 0.949999988079071 
43 0.8885274199419655 0.949999988079071 0.949999988079071 
44 0.8924906358879525 0.9520833492279053 0.9520833492279053 
45 0.893792719085468 0.9520833492279053 0.9520833492279053 
46 0.8854858340055216 0.9520833492279053 0.9520833492279053 
47 0.8911417601048015 0.9541666507720947 0.9541666507720947 
48 0.8922464975330513 0.956250011920929 0.956250011920929 
49 0.8924804631969891 0.956250011920929 0.956250011920929 
50 0.9002237875538412 0.956250011920929 0.956250011920929 
