0 0.470574943930842 0.925000011920929 0.925000011920929 
1 0.5109517344244523 0.9333333373069763 0.9333333373069763 
2 0.5377705804130528 0.9333333373069763 0.9333333373069763 
3 0.5858784940501209 0.9354166388511658 0.9354166388511658 
4 0.6755554167175433 0.9395833611488342 0.9395833611488342 
5 0.7664754184588674 0.9395833611488342 0.9395833611488342 
6 0.8071594183238631 0.9395833611488342 0.9395833611488342 
7 0.8351521768672683 0.9416666626930237 0.9416666626930237 
8 0.8302917527871614 0.9416666626930237 0.9416666626930237 
9 0.851090506552282 0.9416666626930237 0.9416666626930237 
10 0.8515096135306521 0.9416666626930237 0.9416666626930237 
11 0.8494832452161063 0.9416666626930237 0.9416666626930237 
12 0.8630818728925078 0.9437500238418579 0.9437500238418579 
13 0.860093177678209 0.9458333253860474 0.9458333253860474 
14 0.8559733037363912 0.9458333253860474 0.9458333253860474 
15 0.8688883479990182 0.9458333253860474 0.9458333253860474 
16 0.8683695515574072 0.9479166865348816 0.9479166865348816 
17 0.8599731479334878 0.9479166865348816 0.9479166865348816 
18 0.8853230808599619 0.9479166865348816 0.9479166865348816 
19 0.8726521792414133 0.9479166865348816 0.9479166865348816 
20 0.8799194349267054 0.9479166865348816 0.9479166865348816 
21 0.8874267640712787 0.9479166865348816 0.9479166865348816 
22 0.8766174412739929 0.9479166865348816 0.9479166865348816 
23 0.8827494403885794 0.9479166865348816 0.9479166865348816 
24 0.8899556583783124 0.9479166865348816 0.9479166865348816 
25 0.8960591739232768 0.9479166865348816 0.9479166865348816 
26 0.891133637582243 0.9479166865348816 0.9479166865348816 
27 0.8900166940366034 0.9479166865348816 0.9479166865348816 
28 0.8871643183447304 0.9479166865348816 0.9479166865348816 
29 0.8939310834830394 0.9479166865348816 0.9479166865348816 
30 0.895617687892809 0.949999988079071 0.949999988079071 
31 0.8962341430451488 0.949999988079071 0.949999988079071 
32 0.9004862582878559 0.9520833492279053 0.9520833492279053 
33 0.9079386488883756 0.9520833492279053 0.9520833492279053 
34 0.8835103398378124 0.9520833492279053 0.9520833492279053 
35 0.8774373384658247 0.9520833492279053 0.9520833492279053 
36 0.8927225780207664 0.9520833492279053 0.9520833492279053 
37 0.8876383535680361 0.9520833492279053 0.9520833492279053 
38 0.893349213671172 0.9520833492279053 0.9520833492279053 
39 0.8965881467447616 0.9520833492279053 0.9520833492279053 
40 0.8949971629772335 0.9520833492279053 0.9520833492279053 
41 0.8903849401976913 0.9520833492279053 0.9520833492279053 
42 0.8848856725089718 0.9520833492279053 0.9520833492279053 
43 0.8969787711976096 0.9541666507720947 0.9541666507720947 
44 0.8977274666831363 0.9541666507720947 0.9541666507720947 
45 0.902846278710058 0.9541666507720947 0.9541666507720947 
46 0.9057434083952103 0.9541666507720947 0.9541666507720947 
47 0.900270584388636 0.9541666507720947 0.9541666507720947 
48 0.901593012153171 0.9541666507720947 0.9541666507720947 
49 0.907027175911935 0.9541666507720947 0.9541666507720947 
50 0.8979634546558373 0.9541666507720947 0.9541666507720947 
