0 0.4710021904465975 0.7333333492279053 0.7333333492279053 
1 0.5048604260373395 0.925000011920929 0.925000011920929 
2 0.5343098865996581 0.925000011920929 0.925000011920929 
3 0.5599629675562028 0.9312499761581421 0.9312499761581421 
4 0.6045064264762914 0.9312499761581421 0.9312499761581421 
5 0.6598775191159802 0.9354166388511658 0.9354166388511658 
6 0.7152811659980216 0.9395833611488342 0.9395833611488342 
7 0.7401346823753556 0.9395833611488342 0.9395833611488342 
8 0.7572631816437934 0.9416666626930237 0.9416666626930237 
9 0.7627970351932163 0.9437500238418579 0.9437500238418579 
10 0.7664998354885029 0.9437500238418579 0.9437500238418579 
11 0.7930114788105129 0.9437500238418579 0.9437500238418579 
12 0.8155232815988711 0.9437500238418579 0.9437500238418579 
13 0.7931599984149216 0.9437500238418579 0.9437500238418579 
14 0.8152547265890462 0.9437500238418579 0.9437500238418579 
15 0.8094909777282737 0.9437500238418579 0.9437500238418579 
16 0.8232015095054521 0.9437500238418579 0.9437500238418579 
17 0.8205485163889534 0.9437500238418579 0.9437500238418579 
18 0.8407002907370043 0.9458333253860474 0.9458333253860474 
19 0.8342366673678043 0.9458333253860474 0.9458333253860474 
20 0.8451375459408155 0.9458333253860474 0.9458333253860474 
21 0.8249918729379715 0.9458333253860474 0.9458333253860474 
22 0.849165858773631 0.9458333253860474 0.9458333253860474 
23 0.8391662574467773 0.9458333253860474 0.9458333253860474 
24 0.8602783158130478 0.9458333253860474 0.9458333253860474 
25 0.8569030710677907 0.9458333253860474 0.9458333253860474 
26 0.8614623981047771 0.9458333253860474 0.9458333253860474 
27 0.8589396103925537 0.9458333253860474 0.9458333253860474 
28 0.8602071077657456 0.9458333253860474 0.9458333253860474 
29 0.8744689881350496 0.9458333253860474 0.9458333253860474 
30 0.8711405388348794 0.9458333253860474 0.9458333253860474 
31 0.8732360788235383 0.9458333253860474 0.9458333253860474 
32 0.8796956329751993 0.9458333253860474 0.9458333253860474 
33 0.8755513453506865 0.9458333253860474 0.9458333253860474 
34 0.8782470650403411 0.9458333253860474 0.9458333253860474 
35 0.8793436636005936 0.9458333253860474 0.9458333253860474 
36 0.8817545517376857 0.9458333253860474 0.9458333253860474 
37 0.8831664990211721 0.9458333253860474 0.9458333253860474 
38 0.879744460729853 0.9458333253860474 0.9458333253860474 
39 0.8881998642900726 0.949999988079071 0.949999988079071 
40 0.8898539176188933 0.949999988079071 0.949999988079071 
41 0.8962015776014596 0.949999988079071 0.949999988079071 
42 0.9105163636559155 0.949999988079071 0.949999988079071 
43 0.9150146511383355 0.949999988079071 0.949999988079071 
44 0.9193237248400692 0.949999988079071 0.949999988079071 
45 0.9218180280586239 0.949999988079071 0.949999988079071 
46 0.9180928487330675 0.949999988079071 0.949999988079071 
47 0.9225443457835354 0.949999988079071 0.949999988079071 
48 0.9222228939761408 0.949999988079071 0.949999988079071 
49 0.9214945402054582 0.949999988079071 0.949999988079071 
50 0.9211710550880525 0.949999988079071 0.949999988079071 
