0 0.4676859462779248 0.9208333492279053 0.9208333492279053 
1 0.5058024019526783 0.925000011920929 0.925000011920929 
2 0.5307576422055718 0.925000011920929 0.925000011920929 
3 0.5519571907934733 0.925000011920929 0.925000011920929 
4 0.5964497862150893 0.9354166388511658 0.9354166388511658 
5 0.680987548592384 0.9395833611488342 0.9395833611488342 
6 0.7547119154041866 0.9416666626930237 0.9416666626930237 
7 0.7904663094814168 0.9416666626930237 0.9416666626930237 
8 0.8096150708224741 0.9416666626930237 0.9416666626930237 
9 0.8260355638267356 0.9416666626930237 0.9416666626930237 
10 0.836344407802244 0.9437500238418579 0.9437500238418579 
11 0.8416626037105743 0.9437500238418579 0.9437500238418579 
12 0.8630371103063226 0.9437500238418579 0.9437500238418579 
13 0.8695312471172656 0.9458333253860474 0.9458333253860474 
14 0.8756001767360431 0.9458333253860474 0.9458333253860474 
15 0.8668395992754085 0.9458333253860474 0.9458333253860474 
16 0.8856892928270099 0.9458333253860474 0.9458333253860474 
17 0.894936124474043 0.9458333253860474 0.9458333253860474 
18 0.8975769145145023 0.9458333253860474 0.9458333253860474 
19 0.8898132401518524 0.9458333253860474 0.9458333253860474 
20 0.8945353234375943 0.9458333253860474 0.9458333253860474 
21 0.9025817873298365 0.9458333253860474 0.9458333253860474 
22 0.9024902324272261 0.9458333253860474 0.9458333253860474 
23 0.9027506487109349 0.9479166865348816 0.9479166865348816 
24 0.8949035616788024 0.9479166865348816 0.9479166865348816 
25 0.8983622210871545 0.9479166865348816 0.9479166865348816 
26 0.8982462536077946 0.9479166865348816 0.9479166865348816 
27 0.9004699692086433 0.9479166865348816 0.9479166865348816 
28 0.9060221335967071 0.9479166865348816 0.9479166865348816 
29 0.9029846175617422 0.9479166865348816 0.9479166865348816 
30 0.9066385925980285 0.9479166865348816 0.9479166865348816 
31 0.9129943883162923 0.949999988079071 0.949999988079071 
32 0.9152221741096582 0.949999988079071 0.949999988079071 
33 0.9112080948543735 0.949999988079071 0.949999988079071 
34 0.9119405160890892 0.949999988079071 0.949999988079071 
35 0.9168925013655098 0.949999988079071 0.949999988079071 
36 0.9074646018343628 0.949999988079071 0.949999988079071 
37 0.9043253555646515 0.949999988079071 0.949999988079071 
38 0.902154536008311 0.9520833492279053 0.9520833492279053 
39 0.9051554306570324 0.9520833492279053 0.9520833492279053 
40 0.8902709922476788 0.9541666507720947 0.9541666507720947 
41 0.893402099616651 0.9541666507720947 0.9541666507720947 
42 0.8915507061828976 0.956250011920929 0.956250011920929 
43 0.8910705642774701 0.956250011920929 0.956250011920929 
44 0.9020304404257331 0.9583333134651184 0.9583333134651184 
45 0.9076700862424332 0.9583333134651184 0.9583333134651184 
46 0.8978800491677248 0.9583333134651184 0.9583333134651184 
47 0.903084311830753 0.9583333134651184 0.9583333134651184 
48 0.9128601055490435 0.9604166746139526 0.9604166746139526 
49 0.9059855072846403 0.9604166746139526 0.9604166746139526 
50 0.9011128668353194 0.9624999761581421 0.9624999761581421 
