0 0.46901040892407764 0.7020833492279053 0.7020833492279053 
1 0.5063354409212479 0.925000011920929 0.925000011920929 
2 0.5266886295285076 0.7437499761581421 0.925000011920929 
3 0.5445841436740011 0.8541666865348816 0.925000011920929 
4 0.582124835185823 0.9125000238418579 0.925000011920929 
5 0.6278218559164088 0.9125000238418579 0.925000011920929 
6 0.6678019160754047 0.9145833253860474 0.925000011920929 
7 0.6918884236074518 0.9375 0.9375 
8 0.741225176017906 0.9395833611488342 0.9395833611488342 
9 0.7832397448946722 0.9395833611488342 0.9395833611488342 
10 0.8039428651609342 0.9395833611488342 0.9395833611488342 
11 0.8330871479774942 0.9395833611488342 0.9395833611488342 
12 0.8375183082607691 0.9395833611488342 0.9395833611488342 
13 0.8614563095543417 0.9395833611488342 0.9395833611488342 
14 0.8717142896202859 0.9416666626930237 0.9416666626930237 
15 0.8662007805833127 0.9416666626930237 0.9416666626930237 
16 0.8748677734693047 0.9416666626930237 0.9416666626930237 
17 0.873352067777887 0.9437500238418579 0.9437500238418579 
18 0.8754903335939161 0.9437500238418579 0.9437500238418579 
19 0.8784932635244331 0.9437500238418579 0.9437500238418579 
20 0.8771769378508907 0.9437500238418579 0.9437500238418579 
21 0.8696024692799256 0.9437500238418579 0.9437500238418579 
22 0.8705607168521965 0.9437500238418579 0.9437500238418579 
23 0.8731506450858433 0.9437500238418579 0.9437500238418579 
24 0.8679199320904445 0.9458333253860474 0.9458333253860474 
25 0.8725748808210483 0.9458333253860474 0.9458333253860474 
26 0.8734497181139886 0.949999988079071 0.949999988079071 
27 0.8805908290887601 0.949999988079071 0.949999988079071 
28 0.8782328352681361 0.949999988079071 0.949999988079071 
29 0.8913533528975677 0.949999988079071 0.949999988079071 
30 0.9118774396920344 0.949999988079071 0.949999988079071 
31 0.9230061815178487 0.949999988079071 0.949999988079071 
32 0.9131469688145444 0.9520833492279053 0.9520833492279053 
33 0.9146992957394104 0.9520833492279053 0.9520833492279053 
34 0.9137919074491947 0.9520833492279053 0.9520833492279053 
35 0.914278156182263 0.9520833492279053 0.9520833492279053 
36 0.9148824077856261 0.9520833492279053 0.9520833492279053 
37 0.9099792550841812 0.9520833492279053 0.9520833492279053 
38 0.9126892180938739 0.9520833492279053 0.9520833492279053 
39 0.910656747961184 0.9541666507720947 0.9541666507720947 
40 0.9107381277135573 0.9541666507720947 0.9541666507720947 
41 0.9121236249702633 0.9541666507720947 0.9541666507720947 
42 0.9160725981928408 0.9541666507720947 0.9541666507720947 
43 0.9161600774095859 0.9541666507720947 0.9541666507720947 
44 0.9144938130339142 0.9541666507720947 0.9541666507720947 
45 0.9124715117213782 0.9541666507720947 0.9541666507720947 
46 0.9169942171138246 0.9541666507720947 0.9541666507720947 
47 0.9183654736480094 0.9541666507720947 0.9541666507720947 
48 0.9216654408082832 0.9541666507720947 0.9541666507720947 
49 0.9197550392127596 0.9541666507720947 0.9541666507720947 
50 0.9138997339468915 0.9541666507720947 0.9541666507720947 
