0 0.4678059819707414 0.643750011920929 0.643750011920929 
1 0.5063049238815438 0.6499999761581421 0.6499999761581421 
2 0.5242024640247109 0.925000011920929 0.925000011920929 
3 0.5442871033010306 0.925000011920929 0.925000011920929 
4 0.5741109175723977 0.9312499761581421 0.9312499761581421 
5 0.6088216104981257 0.9333333373069763 0.9333333373069763 
6 0.6557759583738516 0.9395833611488342 0.9395833611488342 
7 0.7456807441885758 0.9395833611488342 0.9395833611488342 
8 0.817358396758209 0.9395833611488342 0.9395833611488342 
9 0.834232588083978 0.9416666626930237 0.9416666626930237 
10 0.8552002095020725 0.9416666626930237 0.9416666626930237 
11 0.8634440277855902 0.9416666626930237 0.9416666626930237 
12 0.8789734066231176 0.9416666626930237 0.9416666626930237 
13 0.874582940909022 0.9416666626930237 0.9416666626930237 
14 0.882295740488189 0.9437500238418579 0.9437500238418579 
15 0.898610431337147 0.9437500238418579 0.9437500238418579 
16 0.898083494095772 0.9437500238418579 0.9437500238418579 
17 0.9015991205233149 0.9437500238418579 0.9437500238418579 
18 0.9015869173163082 0.9437500238418579 0.9437500238418579 
19 0.8996744914620649 0.9437500238418579 0.9437500238418579 
20 0.8943359521799721 0.9437500238418579 0.9437500238418579 
21 0.9032796379178762 0.9458333253860474 0.9458333253860474 
22 0.8954162748996168 0.9458333253860474 0.9458333253860474 
23 0.8905009106092621 0.9458333253860474 0.9458333253860474 
24 0.8990905908576678 0.9458333253860474 0.9458333253860474 
25 0.8985921345592942 0.9458333253860474 0.9458333253860474 
26 0.9049113013315946 0.9479166865348816 0.9479166865348816 
27 0.8934977206517942 0.9479166865348816 0.9479166865348816 
28 0.8886901843325177 0.9479166865348816 0.9479166865348816 
29 0.8804809619105072 0.949999988079071 0.949999988079071 
30 0.8845825302669255 0.949999988079071 0.949999988079071 
31 0.8696207774410141 0.949999988079071 0.949999988079071 
32 0.8842753153803642 0.949999988079071 0.949999988079071 
33 0.8782206195246545 0.949999988079071 0.949999988079071 
34 0.8917805908968148 0.949999988079071 0.949999988079071 
35 0.8867655358626507 0.956250011920929 0.956250011920929 
36 0.8931416758423438 0.956250011920929 0.956250011920929 
37 0.8970235139386205 0.956250011920929 0.956250011920929 
38 0.8998209640994901 0.956250011920929 0.956250011920929 
39 0.9000406929699238 0.956250011920929 0.956250011920929 
40 0.9008280440466478 0.956250011920929 0.956250011920929 
41 0.9026591030997224 0.956250011920929 0.956250011920929 
42 0.8993815166468266 0.9583333134651184 0.9583333134651184 
43 0.9065551825624425 0.9583333134651184 0.9583333134651184 
44 0.9076151585904881 0.9583333134651184 0.9583333134651184 
45 0.9075663280382287 0.9583333134651184 0.9583333134651184 
46 0.9106302871077787 0.9583333134651184 0.9583333134651184 
47 0.9081237692153081 0.9583333134651184 0.9583333134651184 
48 0.9113342161872424 0.9583333134651184 0.9583333134651184 
49 0.9052774940792006 0.9583333134651184 0.9583333134651184 
50 0.9061197792470921 0.9583333134651184 0.9583333134651184 
