0 0.4696655198640656 0.6833333373069763 0.6833333373069763 
1 0.5037902765907347 0.7229166626930237 0.7229166626930237 
2 0.5234374892606866 0.918749988079071 0.918749988079071 
3 0.5424214612867218 0.918749988079071 0.918749988079071 
4 0.5756184867350385 0.9333333373069763 0.9333333373069763 
5 0.6097188286948949 0.9333333373069763 0.9333333373069763 
6 0.6560404425399611 0.9333333373069763 0.9333333373069763 
7 0.698539221775718 0.9333333373069763 0.9333333373069763 
8 0.7382690396261751 0.9395833611488342 0.9395833611488342 
9 0.7609781849532737 0.9395833611488342 0.9395833611488342 
10 0.7903950956169865 0.9395833611488342 0.9395833611488342 
11 0.8138631153560709 0.9395833611488342 0.9395833611488342 
12 0.8208984356679139 0.9416666626930237 0.9416666626930237 
13 0.8410949750941654 0.9416666626930237 0.9416666626930237 
14 0.8461405529815238 0.9416666626930237 0.9416666626930237 
15 0.8559956927419989 0.9437500238418579 0.9437500238418579 
16 0.8736490865703672 0.9437500238418579 0.9437500238418579 
17 0.8755310036212904 0.9437500238418579 0.9437500238418579 
18 0.8857625330565497 0.9437500238418579 0.9437500238418579 
19 0.8767415448965039 0.9437500238418579 0.9437500238418579 
20 0.8828776183363516 0.9437500238418579 0.9437500238418579 
21 0.8768595521105453 0.9437500238418579 0.9437500238418579 
22 0.8734497209079564 0.9437500238418579 0.9437500238418579 
23 0.8811930483789183 0.9437500238418579 0.9437500238418579 
24 0.882287612039363 0.9458333253860474 0.9458333253860474 
25 0.8837036264303606 0.9479166865348816 0.9479166865348816 
26 0.8748616632510675 0.9479166865348816 0.9479166865348816 
27 0.8501302110489632 0.9479166865348816 0.9479166865348816 
28 0.8644185361772543 0.9479166865348816 0.9479166865348816 
29 0.8695027650828706 0.9479166865348816 0.9479166865348816 
30 0.8789774616743671 0.9479166865348816 0.9479166865348816 
31 0.8807373128074687 0.9479166865348816 0.9479166865348816 
32 0.8777628680545604 0.9541666507720947 0.9541666507720947 
33 0.8772908625396667 0.9520833492279053 0.9541666507720947 
34 0.8801717217429541 0.9520833492279053 0.9541666507720947 
35 0.8796407169284066 0.9541666507720947 0.9541666507720947 
36 0.8801147560734535 0.956250011920929 0.956250011920929 
37 0.8789652570558246 0.956250011920929 0.956250011920929 
38 0.8786295587196946 0.956250011920929 0.956250011920929 
39 0.8799397762340959 0.956250011920929 0.956250011920929 
40 0.8758911094191717 0.956250011920929 0.956250011920929 
41 0.8772583000391023 0.956250011920929 0.956250011920929 
42 0.8752034542849287 0.956250011920929 0.956250011920929 
43 0.8756042519817129 0.956250011920929 0.956250011920929 
44 0.8842875197588 0.956250011920929 0.956250011920929 
45 0.8808308965963079 0.956250011920929 0.956250011920929 
46 0.8894124404905597 0.956250011920929 0.956250011920929 
47 0.8849609424505616 0.956250011920929 0.956250011920929 
48 0.8822611539217178 0.956250011920929 0.956250011920929 
49 0.8870788623171393 0.956250011920929 0.956250011920929 
50 0.8809997613716405 0.956250011920929 0.956250011920929 
