0 0.4678161543997703 0.925000011920929 0.925000011920929 
1 0.5067708256246988 0.925000011920929 0.925000011920929 
2 0.5363484608533327 0.9270833134651184 0.9270833134651184 
3 0.5765299438353395 0.9354166388511658 0.9354166388511658 
4 0.6424580865714233 0.9375 0.9375 
5 0.7224975573844858 0.9395833611488342 0.9395833611488342 
6 0.7710835738907917 0.9395833611488342 0.9395833611488342 
7 0.7797403904587554 0.9395833611488342 0.9395833611488342 
8 0.8187459265682264 0.9395833611488342 0.9395833611488342 
9 0.8429565532424022 0.9416666626930237 0.9416666626930237 
10 0.8624837420356926 0.9416666626930237 0.9416666626930237 
11 0.8697265812297701 0.9416666626930237 0.9416666626930237 
12 0.8761983432632405 0.9416666626930237 0.9416666626930237 
13 0.882914244379208 0.9416666626930237 0.9416666626930237 
14 0.8647684856114211 0.9416666626930237 0.9416666626930237 
15 0.8589579298859462 0.9437500238418579 0.9437500238418579 
16 0.8630126940988703 0.9437500238418579 0.9437500238418579 
17 0.8667968736262992 0.9458333253860474 0.9458333253860474 
18 0.8698872896784451 0.9458333253860474 0.9458333253860474 
19 0.8672627799423935 0.9479166865348816 0.9479166865348816 
20 0.8848571847483981 0.949999988079071 0.949999988079071 
21 0.8966288293886464 0.949999988079071 0.949999988079071 
22 0.9015157055400778 0.949999988079071 0.949999988079071 
23 0.904880778194638 0.949999988079071 0.949999988079071 
24 0.9079345742065925 0.949999988079071 0.949999988079071 
25 0.9152709968038835 0.9520833492279053 0.9520833492279053 
26 0.9109964982781094 0.9520833492279053 0.9520833492279053 
27 0.9090230271685869 0.9520833492279053 0.9520833492279053 
28 0.9121317511308007 0.9520833492279053 0.9520833492279053 
29 0.9148010244825855 0.9520833492279053 0.9520833492279053 
30 0.9119832381184096 0.9520833492279053 0.9520833492279053 
31 0.9183919344213791 0.9520833492279053 0.9520833492279053 
32 0.910306813333591 0.9520833492279053 0.9520833492279053 
33 0.9167175392212812 0.9520833492279053 0.9520833492279053 
34 0.9131184984944412 0.9520833492279053 0.9520833492279053 
35 0.9225545344525017 0.9520833492279053 0.9520833492279053 
36 0.9184590756194666 0.9520833492279053 0.9520833492279053 
37 0.913395191921154 0.9520833492279053 0.9520833492279053 
38 0.919342051143758 0.9520833492279053 0.9520833492279053 
39 0.9174011331342626 0.9541666507720947 0.9541666507720947 
40 0.921171070978744 0.9541666507720947 0.9541666507720947 
41 0.9221781490487047 0.9541666507720947 0.9541666507720947 
42 0.9182535844156519 0.9541666507720947 0.9541666507720947 
43 0.9297159788548015 0.9541666507720947 0.9541666507720947 
44 0.9315734787087422 0.9541666507720947 0.9541666507720947 
45 0.9297281824692618 0.9541666507720947 0.9541666507720947 
46 0.9310953702079132 0.9541666507720947 0.9541666507720947 
47 0.9311604739923496 0.9541666507720947 0.9541666507720947 
48 0.9306091229082085 0.9541666507720947 0.9541666507720947 
49 0.9284159264352638 0.9541666507720947 0.9541666507720947 
50 0.9271728444437031 0.9541666507720947 0.9541666507720947 
