0 0.46991576405707747 0.925000011920929 0.925000011920929 
1 0.5083312913920963 0.925000011920929 0.925000011920929 
2 0.5296284897631267 0.925000011920929 0.925000011920929 
3 0.556396479390969 0.925000011920929 0.925000011920929 
4 0.6122924784722272 0.9270833134651184 0.9270833134651184 
5 0.6380126921649207 0.9333333373069763 0.9333333373069763 
6 0.6675903273935546 0.9333333373069763 0.9333333373069763 
7 0.7087504037917824 0.9395833611488342 0.9395833611488342 
8 0.7622721315929084 0.9395833611488342 0.9395833611488342 
9 0.8170084598023095 0.9395833611488342 0.9395833611488342 
10 0.8262186673018732 0.9395833611488342 0.9395833611488342 
11 0.8317443864289089 0.9395833611488342 0.9395833611488342 
12 0.8375386655316106 0.9416666626930237 0.9416666626930237 
13 0.8397013469948433 0.9416666626930237 0.9416666626930237 
14 0.8471659470742452 0.9416666626930237 0.9416666626930237 
15 0.8518371698373812 0.9458333253860474 0.9458333253860474 
16 0.8442118408129318 0.9458333253860474 0.9458333253860474 
17 0.8421936045961047 0.9458333253860474 0.9458333253860474 
18 0.8274780284409644 0.9458333253860474 0.9458333253860474 
19 0.8363850931818888 0.9458333253860474 0.9458333253860474 
20 0.8364766471895564 0.9458333253860474 0.9458333253860474 
21 0.8497701007509022 0.9479166865348816 0.9479166865348816 
22 0.8532307931636751 0.9479166865348816 0.9479166865348816 
23 0.8492960605653934 0.9479166865348816 0.9479166865348816 
24 0.8650960306986235 0.9479166865348816 0.9479166865348816 
25 0.8710612046997994 0.9479166865348816 0.9479166865348816 
26 0.8739786889054812 0.949999988079071 0.949999988079071 
27 0.8793396097607911 0.9520833492279053 0.9520833492279053 
28 0.8800211697816849 0.9520833492279053 0.9520833492279053 
29 0.8829203395871446 0.9520833492279053 0.9520833492279053 
30 0.8828226816549432 0.9520833492279053 0.9520833492279053 
31 0.8827657110523432 0.9520833492279053 0.9520833492279053 
32 0.8845072457334027 0.9520833492279053 0.9520833492279053 
33 0.8797098862705752 0.9520833492279053 0.9520833492279053 
34 0.8884318124037236 0.9520833492279053 0.9520833492279053 
35 0.8907816665596329 0.9520833492279053 0.9520833492279053 
36 0.8965637310466263 0.9520833492279053 0.9520833492279053 
37 0.8910237724194303 0.9520833492279053 0.9520833492279053 
38 0.894431569322478 0.9520833492279053 0.9520833492279053 
39 0.8953145440027583 0.9520833492279053 0.9520833492279053 
40 0.8949381607817486 0.9520833492279053 0.9520833492279053 
41 0.8923685800982639 0.9520833492279053 0.9520833492279053 
42 0.8977457773289643 0.9520833492279053 0.9520833492279053 
43 0.8886556085490156 0.9520833492279053 0.9520833492279053 
44 0.8983642672974383 0.9541666507720947 0.9541666507720947 
45 0.8929117940424476 0.9541666507720947 0.9541666507720947 
46 0.8930257255706238 0.9541666507720947 0.9541666507720947 
47 0.8984253005764913 0.9541666507720947 0.9541666507720947 
48 0.8973307314445265 0.9541666507720947 0.9541666507720947 
49 0.8968404078041203 0.9541666507720947 0.9541666507720947 
50 0.8998636801552493 0.9604166746139526 0.9604166746139526 
