0 0.46823933205450885 0.6791666746139526 0.6791666746139526 
1 0.5048970463685691 0.9041666388511658 0.9041666388511658 
2 0.5271972557384288 0.9041666388511658 0.9041666388511658 
3 0.5484659760259092 0.925000011920929 0.925000011920929 
4 0.5821187280234881 0.925000011920929 0.925000011920929 
5 0.6308044379911735 0.925000011920929 0.925000011920929 
6 0.6938191677108989 0.9354166388511658 0.9354166388511658 
7 0.7630452422163216 0.9354166388511658 0.9354166388511658 
8 0.7747090653283522 0.9416666626930237 0.9416666626930237 
9 0.7954813645992544 0.9416666626930237 0.9416666626930237 
10 0.8019958476288593 0.9416666626930237 0.9416666626930237 
11 0.8073689747980097 0.9416666626930237 0.9416666626930237 
12 0.8330261226692528 0.9458333253860474 0.9458333253860474 
13 0.8484049452345062 0.9458333253860474 0.9458333253860474 
14 0.8570454882355989 0.9458333253860474 0.9458333253860474 
15 0.8486775687197223 0.9458333253860474 0.9458333253860474 
16 0.8542602547095157 0.9458333253860474 0.9458333253860474 
17 0.8619608592853183 0.9458333253860474 0.9458333253860474 
18 0.8636230467091082 0.9458333253860474 0.9458333253860474 
19 0.8612711546447827 0.9458333253860474 0.9458333253860474 
20 0.8712910911999643 0.9479166865348816 0.9479166865348816 
21 0.8872843376084347 0.9479166865348816 0.9479166865348816 
22 0.8877868602867238 0.9479166865348816 0.9479166865348816 
23 0.8883870400604792 0.949999988079071 0.949999988079071 
24 0.8882039367017569 0.949999988079071 0.949999988079071 
25 0.891109213756863 0.949999988079071 0.949999988079071 
26 0.8976176006253809 0.949999988079071 0.949999988079071 
27 0.8933085196476895 0.949999988079071 0.949999988079071 
28 0.8905619389843196 0.949999988079071 0.949999988079071 
29 0.8925130278221332 0.949999988079071 0.949999988079071 
30 0.8875651099078823 0.949999988079071 0.949999988079071 
31 0.8812744164315518 0.949999988079071 0.949999988079071 
32 0.8745707174020936 0.949999988079071 0.949999988079071 
33 0.8818623825791292 0.949999988079071 0.949999988079071 
34 0.8975646922044689 0.9520833492279053 0.9520833492279053 
35 0.8876037547743181 0.9541666507720947 0.9541666507720947 
36 0.8914306625738391 0.9541666507720947 0.9541666507720947 
37 0.9104634660761803 0.956250011920929 0.956250011920929 
38 0.907478847540915 0.956250011920929 0.956250011920929 
39 0.909893799762358 0.956250011920929 0.956250011920929 
40 0.9113932241743896 0.956250011920929 0.956250011920929 
41 0.9103902114438824 0.956250011920929 0.956250011920929 
42 0.9170939071918838 0.956250011920929 0.956250011920929 
43 0.9135884591087233 0.956250011920929 0.956250011920929 
44 0.9128662139701191 0.956250011920929 0.956250011920929 
45 0.9105021193390712 0.9583333134651184 0.9583333134651184 
46 0.9147949254402192 0.9583333134651184 0.9583333134651184 
47 0.9162577338138362 0.9583333134651184 0.9583333134651184 
48 0.9175374376573018 0.9583333134651184 0.9583333134651184 
49 0.9117614741553552 0.9583333134651184 0.9583333134651184 
50 0.9179158489278052 0.9583333134651184 0.9583333134651184 
