0 0.47013345572486287 0.643750011920929 0.643750011920929 
1 0.5094075439847074 0.7104166746139526 0.7104166746139526 
2 0.5281595779742929 0.7583333253860474 0.7583333253860474 
3 0.5474161735037342 0.768750011920929 0.768750011920929 
4 0.5788004530186299 0.8604166507720947 0.8604166507720947 
5 0.622304278658703 0.8729166388511658 0.8729166388511658 
6 0.6635355601465562 0.8812500238418579 0.8812500238418579 
7 0.6992309523775475 0.9020833373069763 0.9020833373069763 
8 0.73183796871308 0.9291666746139526 0.9291666746139526 
9 0.7531290668412112 0.9291666746139526 0.9291666746139526 
10 0.7852355967115727 0.9291666746139526 0.9291666746139526 
11 0.7954345737016411 0.9312499761581421 0.9312499761581421 
12 0.8015543659421382 0.9333333373069763 0.9333333373069763 
13 0.825512699841056 0.9416666626930237 0.9416666626930237 
14 0.830047613428178 0.9416666626930237 0.9416666626930237 
15 0.871563735534437 0.9416666626930237 0.9416666626930237 
16 0.8779500473283406 0.9437500238418579 0.9437500238418579 
17 0.87994792320751 0.9437500238418579 0.9437500238418579 
18 0.8921508792845998 0.9437500238418579 0.9437500238418579 
19 0.8973083531600423 0.9437500238418579 0.9437500238418579 
20 0.8923909614386503 0.9437500238418579 0.9437500238418579 
21 0.9025614560741815 0.9458333253860474 0.9458333253860474 
22 0.8998494606348686 0.9458333253860474 0.9458333253860474 
23 0.9016947577474639 0.9479166865348816 0.9479166865348816 
24 0.8954284786959761 0.9479166865348816 0.9479166865348816 
25 0.8959696540259756 0.949999988079071 0.949999988079071 
26 0.8886962939941441 0.949999988079071 0.949999988079071 
27 0.8828165757586248 0.949999988079071 0.949999988079071 
28 0.8789103278431867 0.949999988079071 0.949999988079071 
29 0.8878926648176275 0.949999988079071 0.949999988079071 
30 0.8797119128284976 0.949999988079071 0.949999988079071 
31 0.8849324494367465 0.949999988079071 0.949999988079071 
32 0.8781839948169363 0.949999988079071 0.949999988079071 
33 0.8787292415217962 0.949999988079071 0.949999988079071 
34 0.8803202244052954 0.949999988079071 0.949999988079071 
35 0.8824116954347119 0.949999988079071 0.949999988079071 
36 0.8862263925839216 0.949999988079071 0.949999988079071 
37 0.8927958103304263 0.949999988079071 0.949999988079071 
38 0.8824523857911117 0.949999988079071 0.949999988079071 
39 0.9011393153632525 0.949999988079071 0.949999988079071 
40 0.8945007242728025 0.949999988079071 0.949999988079071 
41 0.9064880301011726 0.956250011920929 0.956250011920929 
42 0.9051778103530523 0.956250011920929 0.956250011920929 
43 0.9060933429573197 0.956250011920929 0.956250011920929 
44 0.8932332397671416 0.956250011920929 0.956250011920929 
45 0.9028055880626198 0.956250011920929 0.956250011920929 
46 0.9067423559899908 0.9583333134651184 0.9583333134651184 
47 0.9069559788913466 0.9583333134651184 0.9583333134651184 
48 0.9050293024047278 0.9583333134651184 0.9583333134651184 
49 0.9052917521912605 0.9583333134651184 0.9583333134651184 
50 0.904579671099782 0.9583333134651184 0.9583333134651184 
