0 0.46920572116505355 0.925000011920929 0.925000011920929 
1 0.50940347451251 0.925000011920929 0.925000011920929 
2 0.5363688057477702 0.925000011920929 0.925000011920929 
3 0.5812967880629003 0.9270833134651184 0.9270833134651184 
4 0.6731241828238126 0.9354166388511658 0.9354166388511658 
5 0.7562601709287264 0.9395833611488342 0.9395833611488342 
6 0.7921630823184387 0.9395833611488342 0.9395833611488342 
7 0.7990193607402034 0.9395833611488342 0.9395833611488342 
8 0.8161051354654774 0.9395833611488342 0.9395833611488342 
9 0.8211405381298391 0.9416666626930237 0.9416666626930237 
10 0.8413024923647754 0.9416666626930237 0.9416666626930237 
11 0.862294525049947 0.9416666626930237 0.9416666626930237 
12 0.8702413039536623 0.9416666626930237 0.9416666626930237 
13 0.8652913532860111 0.9416666626930237 0.9416666626930237 
14 0.8685241822895478 0.9416666626930237 0.9416666626930237 
15 0.8689066677143273 0.9416666626930237 0.9416666626930237 
16 0.8710042382263055 0.9458333253860474 0.9458333253860474 
17 0.864221189993259 0.9479166865348816 0.9479166865348816 
18 0.8658243785539526 0.9479166865348816 0.9479166865348816 
19 0.8692423480279103 0.9479166865348816 0.9479166865348816 
20 0.848105876284535 0.9479166865348816 0.9479166865348816 
21 0.8487833714643784 0.9479166865348816 0.9479166865348816 
22 0.8490254803255084 0.9479166865348816 0.9479166865348816 
23 0.8535237714168034 0.949999988079071 0.949999988079071 
24 0.8544291276703007 0.949999988079071 0.949999988079071 
25 0.8706807564340124 0.949999988079071 0.949999988079071 
26 0.8729105737293139 0.949999988079071 0.949999988079071 
27 0.8749389757394965 0.949999988079071 0.949999988079071 
28 0.8734171653595695 0.949999988079071 0.949999988079071 
29 0.873321540759207 0.949999988079071 0.949999988079071 
30 0.8742126495344564 0.949999988079071 0.949999988079071 
31 0.8651184045593254 0.949999988079071 0.949999988079071 
32 0.8666564874474716 0.9520833492279053 0.9520833492279053 
33 0.8705586679752741 0.9520833492279053 0.9520833492279053 
34 0.8670023532904452 0.9520833492279053 0.9520833492279053 
35 0.8748718217029818 0.9520833492279053 0.9520833492279053 
36 0.8792358402861282 0.9520833492279053 0.9520833492279053 
37 0.8757405667274725 0.9520833492279053 0.9520833492279053 
38 0.8696329841332044 0.9520833492279053 0.9520833492279053 
39 0.8640747156750876 0.9520833492279053 0.9520833492279053 
40 0.8824727477040142 0.9520833492279053 0.9520833492279053 
41 0.8704183041409124 0.9520833492279053 0.9520833492279053 
42 0.8746826267706638 0.9520833492279053 0.9520833492279053 
43 0.8719401140406262 0.9520833492279053 0.9520833492279053 
44 0.8774312433379237 0.9520833492279053 0.9520833492279053 
45 0.8756754655041732 0.9520833492279053 0.9520833492279053 
46 0.8874735617137048 0.9520833492279053 0.9520833492279053 
47 0.8805053810356185 0.9520833492279053 0.9520833492279053 
48 0.883394378965022 0.9520833492279053 0.9520833492279053 
49 0.8911519472894724 0.9520833492279053 0.9520833492279053 
50 0.8896504823642317 0.9520833492279053 0.9520833492279053 
