0 0.46992186748684617 0.9208333492279053 0.9208333492279053 
1 0.5060546797467396 0.9333333373069763 0.9333333373069763 
2 0.5250915439828532 0.9333333373069763 0.9333333373069763 
3 0.5458068806256051 0.9375 0.9375 
4 0.5824320460378658 0.9395833611488342 0.9395833611488342 
5 0.6378234835719923 0.9395833611488342 0.9395833611488342 
6 0.7187927218037657 0.9395833611488342 0.9395833611488342 
7 0.7902893029968254 0.9416666626930237 0.9416666626930237 
8 0.8183532675684546 0.9416666626930237 0.9416666626930237 
9 0.8199117013864452 0.9416666626930237 0.9416666626930237 
10 0.8428120991811738 0.9416666626930237 0.9416666626930237 
11 0.8566976009533391 0.9416666626930237 0.9416666626930237 
12 0.8586527620500419 0.9416666626930237 0.9416666626930237 
13 0.8567057383843348 0.9416666626930237 0.9416666626930237 
14 0.853234868387517 0.9416666626930237 0.9416666626930237 
15 0.8388264953682665 0.9416666626930237 0.9416666626930237 
16 0.8534403425510391 0.9416666626930237 0.9416666626930237 
17 0.8564697198089561 0.9416666626930237 0.9416666626930237 
18 0.850642897443322 0.9416666626930237 0.9416666626930237 
19 0.854034416952345 0.9416666626930237 0.9416666626930237 
20 0.8586771585469251 0.9416666626930237 0.9416666626930237 
21 0.866204827601905 0.9416666626930237 0.9416666626930237 
22 0.8645568782885675 0.9416666626930237 0.9416666626930237 
23 0.8587076761687058 0.9437500238418579 0.9437500238418579 
24 0.8609822531543614 0.9437500238418579 0.9437500238418579 
25 0.8603088325398858 0.9437500238418579 0.9437500238418579 
26 0.8623087541564018 0.9437500238418579 0.9437500238418579 
27 0.8610494046770327 0.9437500238418579 0.9437500238418579 
28 0.866133640622138 0.9437500238418579 0.9437500238418579 
29 0.8751363264746033 0.9458333253860474 0.9458333253860474 
30 0.8788818498142064 0.9458333253860474 0.9458333253860474 
31 0.8793986111995764 0.9458333253860474 0.9458333253860474 
32 0.8905070006439928 0.9458333253860474 0.9458333253860474 
33 0.8897705027193297 0.9458333253860474 0.9458333253860474 
34 0.8898295026447158 0.9479166865348816 0.9479166865348816 
35 0.8924011185590643 0.9479166865348816 0.9479166865348816 
36 0.8961181635095272 0.9479166865348816 0.9479166865348816 
37 0.896374518662924 0.9479166865348816 0.9479166865348816 
38 0.8991373828030191 0.9479166865348816 0.9479166865348816 
39 0.9097229147446342 0.9479166865348816 0.9479166865348816 
40 0.9025126273918431 0.9479166865348816 0.9479166865348816 
41 0.8972127416345757 0.9479166865348816 0.9479166865348816 
42 0.9027506650309078 0.9479166865348816 0.9479166865348816 
43 0.9056905248435214 0.9479166865348816 0.9479166865348816 
44 0.9055704893544316 0.9479166865348816 0.9479166865348816 
45 0.9066996392211877 0.9479166865348816 0.9479166865348816 
46 0.8986043428594712 0.9479166865348816 0.9479166865348816 
47 0.9072774392843712 0.9479166865348816 0.9479166865348816 
48 0.9065714658645447 0.949999988079071 0.949999988079071 
49 0.910660820780322 0.949999988079071 0.949999988079071 
50 0.9102437473484315 0.949999988079071 0.949999988079071 
