0 0.47094725811621174 0.6854166388511658 0.6854166388511658 
1 0.5080098392500076 0.887499988079071 0.887499988079071 
2 0.5417663495463785 0.9270833134651184 0.9270833134651184 
3 0.5727233847792377 0.9270833134651184 0.9270833134651184 
4 0.6228291791776428 0.9333333373069763 0.9333333373069763 
5 0.6890075632400112 0.9354166388511658 0.9354166388511658 
6 0.7449076281882299 0.9375 0.9375 
7 0.7696878994247527 0.9395833611488342 0.9395833611488342 
8 0.7558654727763496 0.9395833611488342 0.9395833611488342 
9 0.7803629518093658 0.9395833611488342 0.9395833611488342 
10 0.7861287397754495 0.9395833611488342 0.9395833611488342 
11 0.7889546703627275 0.9395833611488342 0.9395833611488342 
12 0.831624358856061 0.9416666626930237 0.9416666626930237 
13 0.8387858215864981 0.9416666626930237 0.9416666626930237 
14 0.853023290677811 0.9416666626930237 0.9416666626930237 
15 0.8486572404653998 0.9416666626930237 0.9416666626930237 
16 0.8595092875548289 0.9416666626930237 0.9416666626930237 
17 0.8719197604368674 0.9416666626930237 0.9416666626930237 
18 0.8786824526287091 0.9416666626930237 0.9416666626930237 
19 0.8773295060418604 0.9416666626930237 0.9416666626930237 
20 0.8785461402840156 0.9437500238418579 0.9437500238418579 
21 0.8753560356271919 0.9437500238418579 0.9437500238418579 
22 0.8821390773300664 0.9437500238418579 0.9437500238418579 
23 0.8845784500736045 0.9437500238418579 0.9437500238418579 
24 0.8807617220518296 0.9458333253860474 0.9458333253860474 
25 0.8839782803661365 0.9458333253860474 0.9458333253860474 
26 0.8825012316083303 0.9479166865348816 0.9479166865348816 
27 0.882602954221511 0.949999988079071 0.949999988079071 
28 0.8922526064125123 0.949999988079071 0.949999988079071 
29 0.901625571808836 0.949999988079071 0.949999988079071 
30 0.9060526594839757 0.9520833492279053 0.9520833492279053 
31 0.9133870470323018 0.9520833492279053 0.9520833492279053 
32 0.9197265587390575 0.9520833492279053 0.9520833492279053 
33 0.9181660954200197 0.9520833492279053 0.9520833492279053 
34 0.9003133172227535 0.9520833492279053 0.9520833492279053 
35 0.9083536882462795 0.9541666507720947 0.9541666507720947 
36 0.907926443960605 0.9541666507720947 0.9541666507720947 
37 0.9095906671500416 0.9541666507720947 0.9541666507720947 
38 0.9141662686342897 0.9541666507720947 0.9541666507720947 
39 0.9245707227382809 0.956250011920929 0.956250011920929 
40 0.9203918415878434 0.956250011920929 0.956250011920929 
41 0.9218688900582492 0.956250011920929 0.956250011920929 
42 0.9178629496018402 0.956250011920929 0.956250011920929 
43 0.9185241637424042 0.956250011920929 0.956250011920929 
44 0.9190531381900655 0.956250011920929 0.956250011920929 
45 0.9247701026615687 0.956250011920929 0.956250011920929 
46 0.924076340666943 0.956250011920929 0.956250011920929 
47 0.9243143778658123 0.956250011920929 0.956250011920929 
48 0.9266540592652746 0.956250011920929 0.956250011920929 
49 0.9254435291295522 0.956250011920929 0.956250011920929 
50 0.9260152244532946 0.956250011920929 0.956250011920929 
