0 0.46777139540790813 0.8520833253860474 0.8520833253860474 
1 0.5071146560367197 0.8520833253860474 0.8520833253860474 
2 0.527598051354289 0.925000011920929 0.925000011920929 
3 0.5566894461080665 0.925000011920929 0.925000011920929 
4 0.6164733839250403 0.9395833611488342 0.9395833611488342 
5 0.7350240028463304 0.9395833611488342 0.9395833611488342 
6 0.7898193367727799 0.9395833611488342 0.9395833611488342 
7 0.8408162508712849 0.9395833611488342 0.9395833611488342 
8 0.8570414354580862 0.9395833611488342 0.9395833611488342 
9 0.8573079609886918 0.9395833611488342 0.9395833611488342 
10 0.8537862322846195 0.9395833611488342 0.9395833611488342 
11 0.8551127297178027 0.9395833611488342 0.9395833611488342 
12 0.8721557814606058 0.9395833611488342 0.9395833611488342 
13 0.865275084386667 0.9395833611488342 0.9395833611488342 
14 0.8752767125733953 0.9395833611488342 0.9395833611488342 
15 0.876110859662731 0.9395833611488342 0.9395833611488342 
16 0.8809835007414222 0.9437500238418579 0.9437500238418579 
17 0.8796976921985333 0.9437500238418579 0.9437500238418579 
18 0.8743530446881778 0.9458333253860474 0.9458333253860474 
19 0.8664164328147308 0.9479166865348816 0.9479166865348816 
20 0.8735575432365295 0.949999988079071 0.949999988079071 
21 0.8822062240287778 0.949999988079071 0.949999988079071 
22 0.876845300605055 0.949999988079071 0.949999988079071 
23 0.8733520573732676 0.949999988079071 0.949999988079071 
24 0.875925702501263 0.949999988079071 0.949999988079071 
25 0.8813842705858406 0.9520833492279053 0.9520833492279053 
26 0.8879374103998998 0.9520833492279053 0.9520833492279053 
27 0.8878804446721915 0.9520833492279053 0.9520833492279053 
28 0.8880838961376867 0.9520833492279053 0.9520833492279053 
29 0.8883137978555169 0.9520833492279053 0.9520833492279053 
30 0.8822835292958189 0.9520833492279053 0.9520833492279053 
31 0.8843607636226807 0.956250011920929 0.956250011920929 
32 0.8843831456906628 0.956250011920929 0.956250011920929 
33 0.8966939358360833 0.956250011920929 0.956250011920929 
34 0.896126307285158 0.956250011920929 0.956250011920929 
35 0.897023519850336 0.956250011920929 0.956250011920929 
36 0.8937784836161882 0.956250011920929 0.956250011920929 
37 0.8941711474326439 0.956250011920929 0.956250011920929 
38 0.9040059471153654 0.956250011920929 0.956250011920929 
39 0.9036417702736799 0.956250011920929 0.956250011920929 
40 0.9088378967135213 0.956250011920929 0.956250011920929 
41 0.9041890527587384 0.956250011920929 0.956250011920929 
42 0.8969726617215201 0.956250011920929 0.956250011920929 
43 0.906577561807353 0.956250011920929 0.956250011920929 
44 0.9014750222268049 0.956250011920929 0.956250011920929 
45 0.9074442611308768 0.956250011920929 0.956250011920929 
46 0.9052449610608164 0.956250011920929 0.956250011920929 
47 0.9039001526543871 0.956250011920929 0.956250011920929 
48 0.9073405018716585 0.956250011920929 0.956250011920929 
49 0.9088114485202823 0.956250011920929 0.956250011920929 
50 0.9048950261203572 0.9583333134651184 0.9583333134651184 
