0 0.4691467209922848 0.6333333253860474 0.6333333253860474 
1 0.5065755132527556 0.6479166746139526 0.6479166746139526 
2 0.5303853270743275 0.800000011920929 0.800000011920929 
3 0.553466792582185 0.9125000238418579 0.9125000238418579 
4 0.5844604467129102 0.9125000238418579 0.9125000238418579 
5 0.6208292594819795 0.9125000238418579 0.9125000238418579 
6 0.6688171315472573 0.925000011920929 0.925000011920929 
7 0.7324930749455234 0.925000011920929 0.925000011920929 
8 0.7582499154523248 0.9333333373069763 0.9333333373069763 
9 0.7679301016760292 0.9333333373069763 0.9333333373069763 
10 0.8040140916564269 0.9333333373069763 0.9333333373069763 
11 0.7874674549311749 0.9354166388511658 0.9354166388511658 
12 0.803841147077037 0.9395833611488342 0.9395833611488342 
13 0.8296630855766125 0.9395833611488342 0.9395833611488342 
14 0.8466186525911326 0.9395833611488342 0.9395833611488342 
15 0.8509867385655525 0.9416666626930237 0.9416666626930237 
16 0.8774515921104467 0.9416666626930237 0.9416666626930237 
17 0.8748779460875085 0.9416666626930237 0.9416666626930237 
18 0.8744771474448498 0.9437500238418579 0.9437500238418579 
19 0.8870951471762965 0.9437500238418579 0.9437500238418579 
20 0.8795288150577107 0.9437500238418579 0.9437500238418579 
21 0.892057292003301 0.9458333253860474 0.9458333253860474 
22 0.8913940449856455 0.9458333253860474 0.9458333253860474 
23 0.8811726965432172 0.9479166865348816 0.9479166865348816 
24 0.871059172321111 0.9479166865348816 0.9479166865348816 
25 0.8806152375473175 0.9479166865348816 0.9479166865348816 
26 0.8848307280277368 0.9479166865348816 0.9479166865348816 
27 0.8907104516401887 0.9520833492279053 0.9520833492279053 
28 0.8911967043532059 0.9541666507720947 0.9541666507720947 
29 0.8937255943310447 0.9541666507720947 0.9541666507720947 
30 0.9099324571798206 0.9541666507720947 0.9541666507720947 
31 0.902237956674071 0.956250011920929 0.956250011920929 
32 0.9060587586427573 0.956250011920929 0.956250011920929 
33 0.9035380027489737 0.956250011920929 0.956250011920929 
34 0.9029663028777577 0.956250011920929 0.956250011920929 
35 0.8975687618803931 0.9583333134651184 0.9583333134651184 
36 0.9017333970405161 0.9583333134651184 0.9583333134651184 
37 0.9017293303331826 0.9604166746139526 0.9604166746139526 
38 0.9092407246062066 0.9604166746139526 0.9604166746139526 
39 0.9080627435469069 0.9604166746139526 0.9604166746139526 
40 0.9005574506154517 0.9604166746139526 0.9604166746139526 
41 0.9118225056154188 0.9624999761581421 0.9624999761581421 
42 0.910097248153761 0.9624999761581421 0.9624999761581421 
43 0.9122172036150005 0.9624999761581421 0.9624999761581421 
44 0.9140014626464108 0.9645833373069763 0.9645833373069763 
45 0.9169433539209422 0.9645833373069763 0.9645833373069763 
46 0.9188354377110954 0.9645833373069763 0.9645833373069763 
47 0.9199564492737409 0.9645833373069763 0.9645833373069763 
48 0.9255655814777128 0.9645833373069763 0.9645833373069763 
49 0.9291341095522512 0.9645833373069763 0.9645833373069763 
50 0.9287211091723293 0.9666666388511658 0.9666666388511658 
