0 0.4698669360077474 0.6770833134651184 0.6770833134651184 
1 0.5059224365395494 0.6770833134651184 0.6770833134651184 
2 0.526173898455454 0.6770833134651184 0.6770833134651184 
3 0.5464741963369306 0.8270833492279053 0.8270833492279053 
4 0.5841491666506045 0.925000011920929 0.925000011920929 
5 0.631319168373011 0.9333333373069763 0.9333333373069763 
6 0.6927123997447779 0.9333333373069763 0.9333333373069763 
7 0.7643168118374888 0.9395833611488342 0.9395833611488342 
8 0.8100728357821936 0.9416666626930237 0.9416666626930237 
9 0.8309712737827795 0.9395833611488342 0.9416666626930237 
10 0.8455078172119102 0.9395833611488342 0.9416666626930237 
11 0.8448608507424069 0.9395833611488342 0.9416666626930237 
12 0.8605794419454469 0.9395833611488342 0.9416666626930237 
13 0.8536519507724734 0.9416666626930237 0.9416666626930237 
14 0.8714498049885151 0.9416666626930237 0.9416666626930237 
15 0.8649393875020905 0.9416666626930237 0.9416666626930237 
16 0.8702779276791262 0.9416666626930237 0.9416666626930237 
17 0.884521494499495 0.9437500238418579 0.9437500238418579 
18 0.8920735707251879 0.9437500238418579 0.9437500238418579 
19 0.9008097343248664 0.9437500238418579 0.9437500238418579 
20 0.8940856976514624 0.9437500238418579 0.9437500238418579 
21 0.9031738387384394 0.9458333253860474 0.9458333253860474 
22 0.8943990228872281 0.9458333253860474 0.9458333253860474 
23 0.8973063301455113 0.9458333253860474 0.9458333253860474 
24 0.8889729966540472 0.9458333253860474 0.9458333253860474 
25 0.8943095039649052 0.9458333253860474 0.9458333253860474 
26 0.8957946923474083 0.9458333253860474 0.9458333253860474 
27 0.8942728809306573 0.9458333253860474 0.9458333253860474 
28 0.8890075780072948 0.9458333253860474 0.9458333253860474 
29 0.8984904009121237 0.9458333253860474 0.9458333253860474 
30 0.9027933750803641 0.9479166865348816 0.9479166865348816 
31 0.9030558252343326 0.9479166865348816 0.9479166865348816 
32 0.9054789211186289 0.9479166865348816 0.9479166865348816 
33 0.90374145435635 0.9479166865348816 0.9479166865348816 
34 0.9105285665209522 0.9479166865348816 0.9479166865348816 
35 0.915423591803119 0.9479166865348816 0.9479166865348816 
36 0.9154744582883723 0.9479166865348816 0.9479166865348816 
37 0.9204793420794886 0.9479166865348816 0.9479166865348816 
38 0.9170105098455679 0.9479166865348816 0.9479166865348816 
39 0.9218668745306786 0.9479166865348816 0.9479166865348816 
40 0.9181640753231477 0.9479166865348816 0.9479166865348816 
41 0.9192667775496375 0.949999988079071 0.949999988079071 
42 0.9246948367072036 0.949999988079071 0.949999988079071 
43 0.9143025843659416 0.949999988079071 0.949999988079071 
44 0.9148925902081828 0.949999988079071 0.949999988079071 
45 0.915212003805209 0.949999988079071 0.949999988079071 
46 0.9189107275669812 0.949999988079071 0.949999988079071 
47 0.9176432258391287 0.949999988079071 0.949999988079071 
48 0.9116027784257312 0.949999988079071 0.949999988079071 
49 0.9188639291569416 0.9520833492279053 0.9520833492279053 
50 0.9191670701620751 0.9520833492279053 0.9520833492279053 
