0 0.46767170444945805 0.800000011920929 0.800000011920929 
1 0.5050048761040671 0.925000011920929 0.925000011920929 
2 0.5288167238468304 0.925000011920929 0.925000011920929 
3 0.5525187151724822 0.9333333373069763 0.9333333373069763 
4 0.5950358077971032 0.9395833611488342 0.9395833611488342 
5 0.6650512674423226 0.9395833611488342 0.9395833611488342 
6 0.7323160799205652 0.9395833611488342 0.9395833611488342 
7 0.7796427419852989 0.9395833611488342 0.9395833611488342 
8 0.8061096226483642 0.9395833611488342 0.9395833611488342 
9 0.8389445104439801 0.9395833611488342 0.9395833611488342 
10 0.8312032198518864 0.9416666626930237 0.9416666626930237 
11 0.8475830231363943 0.9416666626930237 0.9416666626930237 
12 0.8612223465970601 0.9416666626930237 0.9416666626930237 
13 0.8685852200505906 0.9437500238418579 0.9437500238418579 
14 0.8764526470004057 0.9437500238418579 0.9437500238418579 
15 0.8978963275148999 0.9437500238418579 0.9437500238418579 
16 0.8982238818716723 0.9437500238418579 0.9437500238418579 
17 0.8986511300463462 0.9458333253860474 0.9458333253860474 
18 0.8956441358750453 0.9458333253860474 0.9458333253860474 
19 0.8872375615464989 0.9458333253860474 0.9458333253860474 
20 0.8905863569816574 0.9479166865348816 0.9479166865348816 
21 0.895806893320696 0.9479166865348816 0.9479166865348816 
22 0.8976379411906237 0.9479166865348816 0.9479166865348816 
23 0.9071899399787071 0.9479166865348816 0.9479166865348816 
24 0.902628579584416 0.949999988079071 0.949999988079071 
25 0.9018351273698499 0.949999988079071 0.949999988079071 
26 0.9091369698871858 0.949999988079071 0.949999988079071 
27 0.9148600337211974 0.949999988079071 0.949999988079071 
28 0.9066141812618298 0.949999988079071 0.949999988079071 
29 0.9148030580727209 0.949999988079071 0.949999988079071 
30 0.9039326936654106 0.949999988079071 0.949999988079071 
31 0.9083536733232904 0.949999988079071 0.949999988079071 
32 0.9110188756785647 0.949999988079071 0.949999988079071 
33 0.906992588970752 0.949999988079071 0.949999988079071 
34 0.9047342888588901 0.949999988079071 0.949999988079071 
35 0.9071777290700993 0.949999988079071 0.949999988079071 
36 0.9029866489181586 0.949999988079071 0.949999988079071 
37 0.9192362420035352 0.949999988079071 0.949999988079071 
38 0.9032877548925171 0.9541666507720947 0.9541666507720947 
39 0.9112162222700135 0.9541666507720947 0.9541666507720947 
40 0.9007954871049151 0.9541666507720947 0.9541666507720947 
41 0.9101603134731704 0.9541666507720947 0.9541666507720947 
42 0.9115783624001779 0.9541666507720947 0.9541666507720947 
43 0.9205423900639289 0.9541666507720947 0.9541666507720947 
44 0.9261291409202386 0.9541666507720947 0.9541666507720947 
45 0.9231140036135912 0.9541666507720947 0.9541666507720947 
46 0.9213948470423929 0.9541666507720947 0.9541666507720947 
47 0.9203898019623011 0.9541666507720947 0.9541666507720947 
48 0.9254170635831542 0.9541666507720947 0.9541666507720947 
49 0.9223510647716466 0.9541666507720947 0.9541666507720947 
50 0.9285807193955407 0.9541666507720947 0.9541666507720947 
