0 0.468929028706043 0.925000011920929 0.925000011920929 
1 0.5076171792024979 0.925000011920929 0.925000011920929 
2 0.5378824763320154 0.9333333373069763 0.9333333373069763 
3 0.5917317658022512 0.9333333373069763 0.9333333373069763 
4 0.7291564958723029 0.9395833611488342 0.9395833611488342 
5 0.824117029318586 0.9395833611488342 0.9395833611488342 
6 0.8275838235786068 0.9395833611488342 0.9395833611488342 
7 0.8540079783997498 0.9395833611488342 0.9395833611488342 
8 0.8681274500049767 0.9395833611488342 0.9395833611488342 
9 0.8571777499164455 0.9395833611488342 0.9395833611488342 
10 0.8708903173683211 0.9395833611488342 0.9395833611488342 
11 0.8659891941351816 0.9437500238418579 0.9437500238418579 
12 0.8689697444497142 0.9437500238418579 0.9437500238418579 
13 0.8854756866603566 0.9437500238418579 0.9437500238418579 
14 0.8851379575498868 0.9437500238418579 0.9437500238418579 
15 0.8855916490720119 0.9437500238418579 0.9437500238418579 
16 0.8805155585287139 0.9437500238418579 0.9437500238418579 
17 0.8793029932130594 0.9437500238418579 0.9437500238418579 
18 0.8797037914628163 0.9437500238418579 0.9437500238418579 
19 0.8842346347228158 0.9437500238418579 0.9437500238418579 
20 0.8752136374532711 0.9437500238418579 0.9437500238418579 
21 0.8785237778211012 0.9437500238418579 0.9437500238418579 
22 0.8864563157912926 0.9437500238418579 0.9437500238418579 
23 0.8845377770485356 0.9437500238418579 0.9437500238418579 
24 0.8844177409773692 0.9458333253860474 0.9458333253860474 
25 0.8875325685949065 0.9458333253860474 0.9458333253860474 
26 0.8825846503023058 0.9458333253860474 0.9458333253860474 
27 0.8893534454400651 0.9458333253860474 0.9458333253860474 
28 0.8832316100015305 0.9458333253860474 0.9458333253860474 
29 0.8725789345480734 0.9458333253860474 0.9458333253860474 
30 0.8656575468776282 0.9458333253860474 0.9458333253860474 
31 0.8695841416993062 0.9458333253860474 0.9458333253860474 
32 0.8803141227981541 0.9458333253860474 0.9458333253860474 
33 0.8740356389607769 0.9458333253860474 0.9458333253860474 
34 0.8794433539442252 0.9458333253860474 0.9458333253860474 
35 0.8804138126724865 0.9458333253860474 0.9458333253860474 
36 0.88675129643525 0.9458333253860474 0.9458333253860474 
37 0.8812479600092047 0.9458333253860474 0.9458333253860474 
38 0.8939961702999426 0.9458333253860474 0.9458333253860474 
39 0.8928914331190754 0.9458333253860474 0.9458333253860474 
40 0.8884785915433895 0.9458333253860474 0.9458333253860474 
41 0.8927225692314096 0.9458333253860474 0.9458333253860474 
42 0.8898050885181874 0.9458333253860474 0.9458333253860474 
43 0.896374505769927 0.9458333253860474 0.9458333253860474 
44 0.8927022243879037 0.9458333253860474 0.9458333253860474 
45 0.9004923450702336 0.9479166865348816 0.9479166865348816 
46 0.8977681421965826 0.9479166865348816 0.9479166865348816 
47 0.8941162071278086 0.9479166865348816 0.9479166865348816 
48 0.8947041821811581 0.9479166865348816 0.9479166865348816 
49 0.9056823778955732 0.9479166865348816 0.9479166865348816 
50 0.9025065163732506 0.9479166865348816 0.9479166865348816 
