0 0.4693705169920577 0.6770833134651184 0.6770833134651184 
1 0.5065673754143063 0.9333333373069763 0.9333333373069763 
2 0.5291992100828793 0.9333333373069763 0.9333333373069763 
3 0.5492329860571772 0.9333333373069763 0.9333333373069763 
4 0.5943908647168428 0.9395833611488342 0.9395833611488342 
5 0.6584289531747345 0.9395833611488342 0.9395833611488342 
6 0.7197835268962081 0.9395833611488342 0.9395833611488342 
7 0.7549784328548412 0.9395833611488342 0.9395833611488342 
8 0.7893493651172321 0.9416666626930237 0.9416666626930237 
9 0.8184366884888732 0.9416666626930237 0.9416666626930237 
10 0.8437378032940615 0.9416666626930237 0.9416666626930237 
11 0.8663513331703143 0.9416666626930237 0.9416666626930237 
12 0.8561381153413095 0.9416666626930237 0.9416666626930237 
13 0.8632242926832987 0.9416666626930237 0.9416666626930237 
14 0.8455383316395455 0.9416666626930237 0.9416666626930237 
15 0.8513366681836487 0.9416666626930237 0.9416666626930237 
16 0.847853594517801 0.9437500238418579 0.9437500238418579 
17 0.8572306290152483 0.9437500238418579 0.9437500238418579 
18 0.8545654263871256 0.9437500238418579 0.9437500238418579 
19 0.8695414205576526 0.9458333253860474 0.9458333253860474 
20 0.8724894191982457 0.9458333253860474 0.9458333253860474 
21 0.8715108238975517 0.9458333253860474 0.9458333253860474 
22 0.8885579486923234 0.9458333253860474 0.9458333253860474 
23 0.904689543240238 0.949999988079071 0.949999988079071 
24 0.9036885603927658 0.949999988079071 0.949999988079071 
25 0.9020324683770014 0.949999988079071 0.949999988079071 
26 0.8951151504588779 0.949999988079071 0.949999988079071 
27 0.9001932754472364 0.949999988079071 0.949999988079071 
28 0.904221598058939 0.949999988079071 0.949999988079071 
29 0.908194985397131 0.9520833492279053 0.9520833492279053 
30 0.9141642205941025 0.9520833492279053 0.9520833492279053 
31 0.910666906478582 0.9520833492279053 0.9520833492279053 
32 0.909696447339229 0.9520833492279053 0.9520833492279053 
33 0.9130391418257204 0.9520833492279053 0.9520833492279053 
34 0.9093892427335959 0.9520833492279053 0.9520833492279053 
35 0.9188537653535604 0.9520833492279053 0.9520833492279053 
36 0.9076273672108073 0.9520833492279053 0.9520833492279053 
37 0.9152160726371221 0.9520833492279053 0.9520833492279053 
38 0.9121643140679225 0.9541666507720947 0.9541666507720947 
39 0.9154215578746516 0.9541666507720947 0.9541666507720947 
40 0.917038989457069 0.9541666507720947 0.9541666507720947 
41 0.9197123293124605 0.9541666507720947 0.9541666507720947 
42 0.9173217834031675 0.9541666507720947 0.9541666507720947 
43 0.9203125015774276 0.9541666507720947 0.9541666507720947 
44 0.922654212830821 0.9541666507720947 0.9541666507720947 
45 0.9123453721113037 0.9541666507720947 0.9541666507720947 
46 0.9262593534658663 0.9541666507720947 0.9541666507720947 
47 0.923396803351352 0.956250011920929 0.956250011920929 
48 0.924385573802283 0.956250011920929 0.956250011920929 
49 0.9253662044066004 0.956250011920929 0.956250011920929 
50 0.9230916273663752 0.956250011920929 0.956250011920929 
