0 0.46940510330023244 0.925000011920929 0.925000011920929 
1 0.5067199622135377 0.925000011920929 0.925000011920929 
2 0.5294311429461231 0.925000011920929 0.925000011920929 
3 0.5514078726846492 0.925000011920929 0.925000011920929 
4 0.6011596648022532 0.9354166388511658 0.9354166388511658 
5 0.6790934201708296 0.9375 0.9375 
6 0.749875891560805 0.9375 0.9375 
7 0.7651794411067385 0.9375 0.9375 
8 0.7953613239660626 0.9375 0.9375 
9 0.8106608005909948 0.9416666626930237 0.9416666626930237 
10 0.8214864023248083 0.9416666626930237 0.9416666626930237 
11 0.8430623332969844 0.9416666626930237 0.9416666626930237 
12 0.8414855930022895 0.9416666626930237 0.9416666626930237 
13 0.8414103176837671 0.9416666626930237 0.9416666626930237 
14 0.8501179975210107 0.9437500238418579 0.9437500238418579 
15 0.8511169384655659 0.9437500238418579 0.9437500238418579 
16 0.8580973258431186 0.9437500238418579 0.9437500238418579 
17 0.8675781202036887 0.9437500238418579 0.9437500238418579 
18 0.8716125464852666 0.9437500238418579 0.9437500238418579 
19 0.8657897958946705 0.9437500238418579 0.9437500238418579 
20 0.8603719130042009 0.9437500238418579 0.9437500238418579 
21 0.854624437954044 0.9437500238418579 0.9437500238418579 
22 0.8552876881003613 0.9437500238418579 0.9437500238418579 
23 0.8713175566954305 0.9437500238418579 0.9437500238418579 
24 0.8681376247259323 0.9479166865348816 0.9479166865348816 
25 0.8698771263589151 0.9479166865348816 0.9479166865348816 
26 0.8683064864162588 0.9479166865348816 0.9479166865348816 
27 0.8588114465237595 0.949999988079071 0.949999988079071 
28 0.8665730812281254 0.949999988079071 0.949999988079071 
29 0.8691772523452528 0.949999988079071 0.949999988079071 
30 0.8753275653580204 0.9520833492279053 0.9520833492279053 
31 0.8781880789902061 0.9520833492279053 0.9520833492279053 
32 0.8734680253255647 0.9520833492279053 0.9520833492279053 
33 0.8831156458763871 0.9520833492279053 0.9520833492279053 
34 0.8818969742860645 0.9520833492279053 0.9520833492279053 
35 0.8813232493848773 0.9520833492279053 0.9520833492279053 
36 0.8862752359273145 0.9520833492279053 0.9520833492279053 
37 0.8925394786638208 0.9520833492279053 0.9520833492279053 
38 0.885386157548055 0.9520833492279053 0.9520833492279053 
39 0.8900960373866837 0.9520833492279053 0.9520833492279053 
40 0.8827901301265229 0.9520833492279053 0.9520833492279053 
41 0.8881449473556131 0.9541666507720947 0.9541666507720947 
42 0.8910502206126694 0.9541666507720947 0.9541666507720947 
43 0.8906331466860138 0.9541666507720947 0.9541666507720947 
44 0.8917236388952006 0.9541666507720947 0.9541666507720947 
45 0.8952677437919192 0.9541666507720947 0.9541666507720947 
46 0.9046997032128274 0.9541666507720947 0.9541666507720947 
47 0.8940978947794065 0.9541666507720947 0.9541666507720947 
48 0.9007690371363424 0.9541666507720947 0.9541666507720947 
49 0.9024454692844301 0.9541666507720947 0.9541666507720947 
50 0.8992024677572772 0.9541666507720947 0.9541666507720947 
