0 0.4682434005662799 0.6541666388511658 0.6541666388511658 
1 0.5026977462839568 0.925000011920929 0.925000011920929 
2 0.5264099022897426 0.925000011920929 0.925000011920929 
3 0.5529601985617774 0.9354166388511658 0.9354166388511658 
4 0.6095540330425138 0.9375 0.9375 
5 0.7057515451015206 0.9395833611488342 0.9395833611488342 
6 0.7958109552710084 0.9395833611488342 0.9395833611488342 
7 0.8296895347011741 0.9395833611488342 0.9395833611488342 
8 0.8433512391347904 0.9395833611488342 0.9395833611488342 
9 0.8609212337760255 0.9395833611488342 0.9395833611488342 
10 0.8694946425603121 0.9395833611488342 0.9395833611488342 
11 0.8700032684100734 0.9395833611488342 0.9395833611488342 
12 0.8835245922964532 0.9395833611488342 0.9395833611488342 
13 0.8847941229614662 0.9395833611488342 0.9395833611488342 
14 0.88506064536341 0.9395833611488342 0.9395833611488342 
15 0.8828430346875393 0.9437500238418579 0.9437500238418579 
16 0.8819071619145689 0.9437500238418579 0.9437500238418579 
17 0.8696757144352887 0.9437500238418579 0.9437500238418579 
18 0.8649556589516578 0.9437500238418579 0.9437500238418579 
19 0.8532409786275821 0.9458333253860474 0.9458333253860474 
20 0.8674397931608837 0.9458333253860474 0.9458333253860474 
21 0.8603088505587948 0.9458333253860474 0.9458333253860474 
22 0.8678833104495425 0.9458333253860474 0.9458333253860474 
23 0.8839070680260193 0.9479166865348816 0.9479166865348816 
24 0.875793453255028 0.9479166865348816 0.9479166865348816 
25 0.8827107717988838 0.9479166865348816 0.9479166865348816 
26 0.8851033514802111 0.9479166865348816 0.9479166865348816 
27 0.8885152227230719 0.9479166865348816 0.9479166865348816 
28 0.8923421320068883 0.9479166865348816 0.9479166865348816 
29 0.8885091245101648 0.9479166865348816 0.9479166865348816 
30 0.8932495215995004 0.9479166865348816 0.9479166865348816 
31 0.8976542256023095 0.9479166865348816 0.9479166865348816 
32 0.9028055937378667 0.949999988079071 0.949999988079071 
33 0.8950276804462192 0.949999988079071 0.949999988079071 
34 0.8914978120374144 0.949999988079071 0.949999988079071 
35 0.898730474000331 0.949999988079071 0.949999988079071 
36 0.8959045398660237 0.949999988079071 0.949999988079071 
37 0.8923461871163454 0.949999988079071 0.949999988079071 
38 0.8918192498167627 0.949999988079071 0.949999988079071 
39 0.8902058867570304 0.949999988079071 0.949999988079071 
40 0.8943359336117283 0.949999988079071 0.949999988079071 
41 0.8865803989428969 0.949999988079071 0.949999988079071 
42 0.8858744257013313 0.949999988079071 0.949999988079071 
43 0.892665604245849 0.949999988079071 0.949999988079071 
44 0.8903340604447294 0.949999988079071 0.949999988079071 
45 0.8908833770183264 0.949999988079071 0.949999988079071 
46 0.8948994896491058 0.949999988079071 0.949999988079071 
47 0.8970601352266385 0.949999988079071 0.949999988079071 
48 0.8985839786037104 0.949999988079071 0.949999988079071 
49 0.8893880154500948 0.949999988079071 0.949999988079071 
50 0.8960103301251365 0.949999988079071 0.949999988079071 
