0 0.46882323529280256 0.65625 0.65625 
1 0.5053385360370157 0.7562500238418579 0.7562500238418579 
2 0.5374898205627687 0.90625 0.90625 
3 0.578210448162281 0.9083333611488342 0.9083333611488342 
4 0.6298177085263887 0.925000011920929 0.925000011920929 
5 0.670969644721481 0.925000011920929 0.925000011920929 
6 0.7134358719922602 0.9312499761581421 0.9312499761581421 
7 0.7555826837342465 0.925000011920929 0.9312499761581421 
8 0.8167887441450148 0.9312499761581421 0.9312499761581421 
9 0.8459350654447917 0.9333333373069763 0.9333333373069763 
10 0.8348225955996895 0.9333333373069763 0.9333333373069763 
11 0.8393249523505801 0.9395833611488342 0.9395833611488342 
12 0.8403462747082813 0.9395833611488342 0.9395833611488342 
13 0.8329406795965042 0.9395833611488342 0.9395833611488342 
14 0.8439310848189052 0.9395833611488342 0.9395833611488342 
15 0.848785415670136 0.9395833611488342 0.9395833611488342 
16 0.8440124666958582 0.9395833611488342 0.9395833611488342 
17 0.8598104011325631 0.9416666626930237 0.9416666626930237 
18 0.8655477064603474 0.9458333253860474 0.9458333253860474 
19 0.8690124687273055 0.9458333253860474 0.9458333253860474 
20 0.8932637704710942 0.9458333253860474 0.9458333253860474 
21 0.9028218750318047 0.9458333253860474 0.9458333253860474 
22 0.8928405878832564 0.9458333253860474 0.9458333253860474 
23 0.8993896526808385 0.9458333253860474 0.9458333253860474 
24 0.8950419097091071 0.9458333253860474 0.9458333253860474 
25 0.894968667125795 0.9458333253860474 0.9458333253860474 
26 0.8960001619416289 0.9458333253860474 0.9458333253860474 
27 0.8999348941433709 0.9458333253860474 0.9458333253860474 
28 0.8946187324181665 0.9458333253860474 0.9458333253860474 
29 0.8995788556348998 0.9458333253860474 0.9458333253860474 
30 0.8952555314463098 0.9458333253860474 0.9458333253860474 
31 0.8959126767585985 0.9458333253860474 0.9458333253860474 
32 0.8999979635264026 0.9458333253860474 0.9458333253860474 
33 0.9021850560675375 0.9479166865348816 0.9479166865348816 
34 0.8990783689077944 0.949999988079071 0.949999988079071 
35 0.8982116735423915 0.9541666507720947 0.9541666507720947 
36 0.8979349879664369 0.9541666507720947 0.9541666507720947 
37 0.8960367951949593 0.9541666507720947 0.9541666507720947 
38 0.9066894576826598 0.9541666507720947 0.9541666507720947 
39 0.9008850083919242 0.956250011920929 0.956250011920929 
40 0.9096781369589735 0.956250011920929 0.956250011920929 
41 0.910815423441818 0.956250011920929 0.956250011920929 
42 0.9097351008094847 0.956250011920929 0.956250011920929 
43 0.9054341595910955 0.956250011920929 0.956250011920929 
44 0.9092508956673555 0.9583333134651184 0.9583333134651184 
45 0.9118225128768245 0.9583333134651184 0.9583333134651184 
46 0.908827721781563 0.9583333134651184 0.9583333134651184 
47 0.9053466800469323 0.9583333134651184 0.9583333134651184 
48 0.9002868615934858 0.9604166746139526 0.9604166746139526 
49 0.9037516222160775 0.9604166746139526 0.9604166746139526 
50 0.9010050411088741 0.9604166746139526 0.9604166746139526 
