0 0.4679524667444639 0.6395833492279053 0.6395833492279053 
1 0.5073771087918431 0.6958333253860474 0.6958333253860474 
2 0.5325439367297804 0.8854166865348816 0.8854166865348816 
3 0.5575215617136564 0.90625 0.90625 
4 0.5907165506287129 0.9041666388511658 0.90625 
5 0.6245564751807251 0.9083333611488342 0.9083333611488342 
6 0.6798075305778184 0.9104166626930237 0.9104166626930237 
7 0.7249104741422343 0.925000011920929 0.925000011920929 
8 0.7496541265936685 0.925000011920929 0.925000011920929 
9 0.7712565107285627 0.9354166388511658 0.9354166388511658 
10 0.7681925491560833 0.9354166388511658 0.9354166388511658 
11 0.7889506031860947 0.9375 0.9375 
12 0.7937072722124867 0.9375 0.9375 
13 0.8119852628369699 0.9395833611488342 0.9395833611488342 
14 0.8270243214574293 0.9416666626930237 0.9416666626930237 
15 0.8287862082434003 0.9416666626930237 0.9416666626930237 
16 0.8190673850949679 0.9416666626930237 0.9416666626930237 
17 0.8337300701896311 0.9416666626930237 0.9416666626930237 
18 0.8513814399011608 0.9416666626930237 0.9416666626930237 
19 0.8558553136972478 0.9416666626930237 0.9416666626930237 
20 0.8501078300614608 0.9416666626930237 0.9416666626930237 
21 0.8649678524961928 0.9416666626930237 0.9416666626930237 
22 0.8625996881783067 0.9416666626930237 0.9416666626930237 
23 0.8658365846931702 0.9479166865348816 0.9479166865348816 
24 0.8853820769618324 0.9479166865348816 0.9479166865348816 
25 0.8677591944469896 0.9479166865348816 0.9479166865348816 
26 0.8789510127462563 0.9479166865348816 0.9479166865348816 
27 0.8691589438167284 0.9479166865348816 0.9479166865348816 
28 0.8770975865772925 0.9479166865348816 0.9479166865348816 
29 0.8756937774596736 0.9479166865348816 0.9479166865348816 
30 0.8788309850497171 0.9479166865348816 0.9479166865348816 
31 0.8768636182940099 0.9479166865348816 0.9479166865348816 
32 0.8902567666082177 0.949999988079071 0.949999988079071 
33 0.8884908135332807 0.949999988079071 0.949999988079071 
34 0.8928914433345199 0.949999988079071 0.949999988079071 
35 0.8904073046287522 0.949999988079071 0.949999988079071 
36 0.8848653112654574 0.949999988079071 0.949999988079071 
37 0.8901204373978544 0.949999988079071 0.949999988079071 
38 0.8918741816887632 0.949999988079071 0.949999988079071 
39 0.8884053503570613 0.9520833492279053 0.9520833492279053 
40 0.8988423613482155 0.9520833492279053 0.9520833492279053 
41 0.8961832641216461 0.9541666507720947 0.9541666507720947 
42 0.8989115374861285 0.956250011920929 0.956250011920929 
43 0.898850501045672 0.956250011920929 0.956250011920929 
44 0.8990742928253894 0.956250011920929 0.956250011920929 
45 0.9059936468838714 0.9583333134651184 0.9583333134651184 
46 0.9130574548617005 0.9583333134651184 0.9583333134651184 
47 0.9159871472147643 0.9583333134651184 0.9583333134651184 
48 0.9201558467757422 0.9583333134651184 0.9583333134651184 
49 0.9191670717555098 0.9583333134651184 0.9583333134651184 
50 0.9144714263966307 0.9583333134651184 0.9583333134651184 
