0 0.4669555588043295 0.6020833253860474 0.6020833253860474 
1 0.5008626223861938 0.6333333253860474 0.6333333253860474 
2 0.5257100334856659 0.7104166746139526 0.7104166746139526 
3 0.5429626436089166 0.7354166507720947 0.7354166507720947 
4 0.5683105465432163 0.7354166507720947 0.7354166507720947 
5 0.5909525548922829 0.7958333492279053 0.7958333492279053 
6 0.6164835603849497 0.8395833373069763 0.8395833373069763 
7 0.639499916753266 0.8958333134651184 0.8958333134651184 
8 0.6621012349642115 0.8999999761581421 0.8999999761581421 
9 0.6996154777880292 0.925000011920929 0.925000011920929 
10 0.7534077951204381 0.925000011920929 0.925000011920929 
11 0.7925272604843485 0.925000011920929 0.925000011920929 
12 0.8180867508926895 0.925000011920929 0.925000011920929 
13 0.8337666873703711 0.925000011920929 0.925000011920929 
14 0.8509053625457454 0.9395833611488342 0.9395833611488342 
15 0.8590454184159171 0.9395833611488342 0.9395833611488342 
16 0.8469909726918559 0.9395833611488342 0.9395833611488342 
17 0.8709025158168515 0.9395833611488342 0.9395833611488342 
18 0.8747619773894257 0.9395833611488342 0.9395833611488342 
19 0.8702840322330303 0.9437500238418579 0.9437500238418579 
20 0.8820373702365032 0.9437500238418579 0.9437500238418579 
21 0.8848917797004106 0.9437500238418579 0.9437500238418579 
22 0.8723246378431213 0.9437500238418579 0.9437500238418579 
23 0.8747212825292081 0.9437500238418579 0.9437500238418579 
24 0.8778218700972502 0.9437500238418579 0.9437500238418579 
25 0.867954519635532 0.9458333253860474 0.9458333253860474 
26 0.8752970483328681 0.9458333253860474 0.9458333253860474 
27 0.8723612584581133 0.9458333253860474 0.9458333253860474 
28 0.8778991788130952 0.9458333253860474 0.9458333253860474 
29 0.8962504100927617 0.9458333253860474 0.9458333253860474 
30 0.9012491835164838 0.9458333253860474 0.9458333253860474 
31 0.9072448692604667 0.949999988079071 0.949999988079071 
32 0.9010823523276486 0.949999988079071 0.949999988079071 
33 0.9044474251859356 0.9520833492279053 0.9520833492279053 
34 0.9123657208110671 0.9520833492279053 0.9520833492279053 
35 0.9154581665934529 0.9520833492279053 0.9520833492279053 
36 0.916448972071521 0.9520833492279053 0.9520833492279053 
37 0.9163208041572943 0.9520833492279053 0.9520833492279053 
38 0.9230570567015093 0.9520833492279053 0.9520833492279053 
39 0.9212972109671682 0.9541666507720947 0.9541666507720947 
40 0.9173034769773949 0.9541666507720947 0.9541666507720947 
41 0.9162740161118563 0.9541666507720947 0.9541666507720947 
42 0.9148112045077141 0.9541666507720947 0.9541666507720947 
43 0.9069580097566359 0.9541666507720947 0.9541666507720947 
44 0.9182881643355358 0.9541666507720947 0.9541666507720947 
45 0.9123575794801582 0.9541666507720947 0.9541666507720947 
46 0.9133931421965826 0.9541666507720947 0.9541666507720947 
47 0.9126790309965145 0.9541666507720947 0.9541666507720947 
48 0.9131998639204539 0.9541666507720947 0.9541666507720947 
49 0.9158915146254003 0.9541666507720947 0.9541666507720947 
50 0.9143147734284867 0.956250011920929 0.956250011920929 
